10 0.395751953125 0.3645833333333333 0.07958984375 0.10546875
9 0.382568359375 0.4723307291666667 0.06396484375 0.11002604166666667
2 0.45849609375 0.4632161458333333 0.1044921875 0.11002604166666667
3 0.318603515625 0.5696614583333334 0.39990234375 0.19661458333333334
1 0.41748046875 0.5250651041666666 0.3193359375 0.016276041666666668
0 0.278564453125 0.4742838541666667 0.14697265625 0.030598958333333332
6 0.20654296875 0.4563802083333333 0.1025390625 0.02734375
8 0.286865234375 0.40625 0.18994140625 0.10807291666666667
7 0.397705078125 0.3766276041666667 0.14892578125 0.056640625
17 0.367431640625 0.5374348958333334 0.64794921875 0.3782552083333333
