6 0.425048828125 0.4427083333333333 0.11181640625 0.0546875
11 0.53564453125 0.4127604166666667 0.0966796875 0.07421875
11 0.6201171875 0.3610026041666667 0.04296875 0.035807291666666664
7 0.577880859375 0.3759765625 0.05419921875 0.119140625
11 0.541748046875 0.3522135416666667 0.02490234375 0.08333333333333333
10 0.50634765625 0.3170572916666667 0.0537109375 0.19661458333333334
12 0.421630859375 0.3600260416666667 0.12939453125 0.06380208333333333
3 0.47314453125 0.2766927083333333 0.2080078125 0.19401041666666666
6 0.459716796875 0.3873697916666667 0.06591796875 0.020833333333333332
17 0.51318359375 0.4147135416666667 0.45703125 0.24609375
