10 0.506591796875 0.3154296875 0.05126953125 0.193359375
7 0.574951171875 0.3772786458333333 0.04736328125 0.11653645833333333
11 0.537841796875 0.4127604166666667 0.10009765625 0.06640625
11 0.6201171875 0.3619791666666667 0.041015625 0.037760416666666664
6 0.418701171875 0.44140625 0.11767578125 0.048177083333333336
12 0.42236328125 0.3645833333333333 0.1298828125 0.07291666666666667
6 0.459228515625 0.388671875 0.06787109375 0.0234375
11 0.54150390625 0.3518880208333333 0.0244140625 0.076171875
3 0.4697265625 0.27734375 0.1953125 0.18619791666666666
17 0.505859375 0.3912760416666667 0.462890625 0.2513020833333333
