9 0.40185546875 0.3811848958333333 0.048828125 0.123046875
5 0.52197265625 0.3893229166666667 0.0576171875 0.12890625
7 0.4892578125 0.466796875 0.0859375 0.1640625
10 0.375 0.5188802083333334 0.2060546875 0.13020833333333334
9 0.288818359375 0.369140625 0.05322265625 0.0625
2 0.289794921875 0.4541015625 0.09912109375 0.134765625
1 0.231201171875 0.5032552083333334 0.04052734375 0.13932291666666666
0 0.539794921875 0.4847005208333333 0.03076171875 0.06705729166666667
6 0.439453125 0.4215494791666667 0.025390625 0.060546875
17 0.42724609375 0.5582682291666666 0.68359375 0.4876302083333333
