7 0.379638671875 0.3629557291666667 0.05517578125 0.11263020833333333
11 0.4697265625 0.3860677083333333 0.046875 0.09765625
11 0.449462890625 0.453125 0.06787109375 0.06510416666666667
5 0.591796875 0.3955078125 0.0654296875 0.10221354166666667
12 0.546630859375 0.3701171875 0.03369140625 0.087890625
3 0.529541015625 0.2978515625 0.26025390625 0.232421875
10 0.4658203125 0.2766927083333333 0.0439453125 0.12109375
6 0.517578125 0.3893229166666667 0.044921875 0.033854166666666664
11 0.38916015625 0.3756510416666667 0.0986328125 0.044270833333333336
17 0.47314453125 0.4156901041666667 0.4658203125 0.23763020833333334
