7 0.425048828125 0.2936197916666667 0.06005859375 0.12630208333333334
4 0.54638671875 0.4348958333333333 0.0537109375 0.0546875
9 0.4765625 0.4606119791666667 0.0654296875 0.10091145833333333
4 0.423095703125 0.4391276041666667 0.06396484375 0.15169270833333334
0 0.357177734375 0.4876302083333333 0.07080078125 0.09765625
10 0.353759765625 0.4117838541666667 0.08740234375 0.08658854166666667
17 0.457763671875 0.4736328125 0.57568359375 0.3782552083333333
7 0.425048828125 0.2936197916666667 0.06005859375 0.12630208333333334
4 0.54638671875 0.4348958333333333 0.0537109375 0.0546875
9 0.4765625 0.4606119791666667 0.0654296875 0.10091145833333333
4 0.423095703125 0.4391276041666667 0.06396484375 0.15169270833333334
0 0.357177734375 0.4876302083333333 0.07080078125 0.09765625
10 0.353759765625 0.4117838541666667 0.08740234375 0.08658854166666667
17 0.457763671875 0.4736328125 0.57568359375 0.3782552083333333
7 0.425048828125 0.2936197916666667 0.06005859375 0.12630208333333334
4 0.54638671875 0.4348958333333333 0.0537109375 0.0546875
9 0.4765625 0.4606119791666667 0.0654296875 0.10091145833333333
4 0.423095703125 0.4391276041666667 0.06396484375 0.15169270833333334
0 0.357177734375 0.4876302083333333 0.07080078125 0.09765625
10 0.353759765625 0.4117838541666667 0.08740234375 0.08658854166666667
17 0.457763671875 0.4736328125 0.57568359375 0.3782552083333333
7 0.425048828125 0.2936197916666667 0.06005859375 0.12630208333333334
4 0.54638671875 0.4348958333333333 0.0537109375 0.0546875
9 0.4765625 0.4606119791666667 0.0654296875 0.10091145833333333
4 0.423095703125 0.4391276041666667 0.06396484375 0.15169270833333334
0 0.357177734375 0.4876302083333333 0.07080078125 0.09765625
10 0.353759765625 0.4117838541666667 0.08740234375 0.08658854166666667
17 0.457763671875 0.4736328125 0.57568359375 0.3782552083333333
7 0.425048828125 0.2936197916666667 0.06005859375 0.12630208333333334
4 0.54638671875 0.4348958333333333 0.0537109375 0.0546875
9 0.4765625 0.4606119791666667 0.0654296875 0.10091145833333333
4 0.423095703125 0.4391276041666667 0.06396484375 0.15169270833333334
0 0.357177734375 0.4876302083333333 0.07080078125 0.09765625
10 0.353759765625 0.4117838541666667 0.08740234375 0.08658854166666667
17 0.457763671875 0.4736328125 0.57568359375 0.3782552083333333
