7 0.385498046875 0.3199869791666667 0.06201171875 0.18294270833333334
5 0.44873046875 0.3873697916666667 0.060546875 0.14192708333333334
10 0.393798828125 0.443359375 0.17626953125 0.07682291666666667
0 0.29541015625 0.4967447916666667 0.0419921875 0.09375
4 0.320556640625 0.4055989583333333 0.06298828125 0.03125
6 0.27294921875 0.4658203125 0.0810546875 0.068359375
17 0.373291015625 0.4537760416666667 0.58349609375 0.3802083333333333
7 0.385498046875 0.3199869791666667 0.06201171875 0.18294270833333334
5 0.44873046875 0.3873697916666667 0.060546875 0.14192708333333334
10 0.393798828125 0.443359375 0.17626953125 0.07682291666666667
0 0.29541015625 0.4967447916666667 0.0419921875 0.09375
4 0.320556640625 0.4055989583333333 0.06298828125 0.03125
6 0.27294921875 0.4658203125 0.0810546875 0.068359375
17 0.373291015625 0.4537760416666667 0.58349609375 0.3802083333333333
7 0.385498046875 0.3199869791666667 0.06201171875 0.18294270833333334
5 0.44873046875 0.3873697916666667 0.060546875 0.14192708333333334
10 0.393798828125 0.443359375 0.17626953125 0.07682291666666667
0 0.29541015625 0.4967447916666667 0.0419921875 0.09375
4 0.320556640625 0.4055989583333333 0.06298828125 0.03125
6 0.27294921875 0.4658203125 0.0810546875 0.068359375
17 0.373291015625 0.4537760416666667 0.58349609375 0.3802083333333333
7 0.385498046875 0.3199869791666667 0.06201171875 0.18294270833333334
5 0.44873046875 0.3873697916666667 0.060546875 0.14192708333333334
10 0.393798828125 0.443359375 0.17626953125 0.07682291666666667
0 0.29541015625 0.4967447916666667 0.0419921875 0.09375
4 0.320556640625 0.4055989583333333 0.06298828125 0.03125
6 0.27294921875 0.4658203125 0.0810546875 0.068359375
17 0.373291015625 0.4537760416666667 0.58349609375 0.3802083333333333
7 0.385498046875 0.3199869791666667 0.06201171875 0.18294270833333334
5 0.44873046875 0.3873697916666667 0.060546875 0.14192708333333334
10 0.393798828125 0.443359375 0.17626953125 0.07682291666666667
0 0.29541015625 0.4967447916666667 0.0419921875 0.09375
4 0.320556640625 0.4055989583333333 0.06298828125 0.03125
6 0.27294921875 0.4658203125 0.0810546875 0.068359375
17 0.373291015625 0.4537760416666667 0.58349609375 0.3802083333333333
