11 0.396728515625 0.3518880208333333 0.03759765625 0.08658854166666667
11 0.4365234375 0.3564453125 0.0439453125 0.055338541666666664
10 0.473876953125 0.3359375 0.05908203125 0.07161458333333333
7 0.349609375 0.3307291666666667 0.0498046875 0.06510416666666667
3 0.50830078125 0.3636067708333333 0.171875 0.08528645833333333
0 0.534423828125 0.3382161458333333 0.06884765625 0.020182291666666668
7 0.44287109375 0.2955729166666667 0.056640625 0.05078125
17 0.402099609375 0.3779296875 0.44873046875 0.20377604166666666
11 0.396728515625 0.3518880208333333 0.03759765625 0.08658854166666667
11 0.4365234375 0.3564453125 0.0439453125 0.055338541666666664
10 0.473876953125 0.3359375 0.05908203125 0.07161458333333333
7 0.349609375 0.3307291666666667 0.0498046875 0.06510416666666667
3 0.50830078125 0.3636067708333333 0.171875 0.08528645833333333
0 0.534423828125 0.3382161458333333 0.06884765625 0.020182291666666668
7 0.44287109375 0.2955729166666667 0.056640625 0.05078125
17 0.402099609375 0.3779296875 0.44873046875 0.20377604166666666
11 0.396728515625 0.3518880208333333 0.03759765625 0.08658854166666667
11 0.4365234375 0.3564453125 0.0439453125 0.055338541666666664
10 0.473876953125 0.3359375 0.05908203125 0.07161458333333333
7 0.349609375 0.3307291666666667 0.0498046875 0.06510416666666667
3 0.50830078125 0.3636067708333333 0.171875 0.08528645833333333
0 0.534423828125 0.3382161458333333 0.06884765625 0.020182291666666668
7 0.44287109375 0.2955729166666667 0.056640625 0.05078125
17 0.402099609375 0.3779296875 0.44873046875 0.20377604166666666
11 0.396728515625 0.3518880208333333 0.03759765625 0.08658854166666667
11 0.4365234375 0.3564453125 0.0439453125 0.055338541666666664
10 0.473876953125 0.3359375 0.05908203125 0.07161458333333333
7 0.349609375 0.3307291666666667 0.0498046875 0.06510416666666667
3 0.50830078125 0.3636067708333333 0.171875 0.08528645833333333
0 0.534423828125 0.3382161458333333 0.06884765625 0.020182291666666668
7 0.44287109375 0.2955729166666667 0.056640625 0.05078125
17 0.402099609375 0.3779296875 0.44873046875 0.20377604166666666
11 0.396728515625 0.3518880208333333 0.03759765625 0.08658854166666667
11 0.4365234375 0.3564453125 0.0439453125 0.055338541666666664
10 0.473876953125 0.3359375 0.05908203125 0.07161458333333333
7 0.349609375 0.3307291666666667 0.0498046875 0.06510416666666667
3 0.50830078125 0.3636067708333333 0.171875 0.08528645833333333
0 0.534423828125 0.3382161458333333 0.06884765625 0.020182291666666668
7 0.44287109375 0.2955729166666667 0.056640625 0.05078125
17 0.402099609375 0.3779296875 0.44873046875 0.20377604166666666
