7 0.407470703125 0.27734375 0.04931640625 0.16796875
7 0.34326171875 0.2975260416666667 0.052734375 0.08723958333333333
10 0.34716796875 0.3681640625 0.12109375 0.068359375
6 0.247314453125 0.357421875 0.08056640625 0.036458333333333336
3 0.436767578125 0.3720703125 0.21533203125 0.08268229166666667
0 0.5048828125 0.3564453125 0.0810546875 0.027994791666666668
17 0.3759765625 0.3645833333333333 0.443359375 0.24479166666666666
7 0.407470703125 0.27734375 0.04931640625 0.16796875
7 0.34326171875 0.2975260416666667 0.052734375 0.08723958333333333
10 0.34716796875 0.3681640625 0.12109375 0.068359375
6 0.247314453125 0.357421875 0.08056640625 0.036458333333333336
3 0.436767578125 0.3720703125 0.21533203125 0.08268229166666667
0 0.5048828125 0.3564453125 0.0810546875 0.027994791666666668
17 0.3759765625 0.3645833333333333 0.443359375 0.24479166666666666
7 0.407470703125 0.27734375 0.04931640625 0.16796875
7 0.34326171875 0.2975260416666667 0.052734375 0.08723958333333333
10 0.34716796875 0.3681640625 0.12109375 0.068359375
6 0.247314453125 0.357421875 0.08056640625 0.036458333333333336
3 0.436767578125 0.3720703125 0.21533203125 0.08268229166666667
0 0.5048828125 0.3564453125 0.0810546875 0.027994791666666668
17 0.3759765625 0.3645833333333333 0.443359375 0.24479166666666666
7 0.407470703125 0.27734375 0.04931640625 0.16796875
7 0.34326171875 0.2975260416666667 0.052734375 0.08723958333333333
10 0.34716796875 0.3681640625 0.12109375 0.068359375
6 0.247314453125 0.357421875 0.08056640625 0.036458333333333336
3 0.436767578125 0.3720703125 0.21533203125 0.08268229166666667
0 0.5048828125 0.3564453125 0.0810546875 0.027994791666666668
17 0.3759765625 0.3645833333333333 0.443359375 0.24479166666666666
7 0.407470703125 0.27734375 0.04931640625 0.16796875
7 0.34326171875 0.2975260416666667 0.052734375 0.08723958333333333
10 0.34716796875 0.3681640625 0.12109375 0.068359375
6 0.247314453125 0.357421875 0.08056640625 0.036458333333333336
3 0.436767578125 0.3720703125 0.21533203125 0.08268229166666667
0 0.5048828125 0.3564453125 0.0810546875 0.027994791666666668
17 0.3759765625 0.3645833333333333 0.443359375 0.24479166666666666
