5 0.347900390625 0.4417317708333333 0.10009765625 0.10611979166666667
9 0.531005859375 0.2861328125 0.06005859375 0.150390625
9 0.529541015625 0.4225260416666667 0.05419921875 0.12760416666666666
6 0.483642578125 0.49609375 0.06103515625 0.08463541666666667
0 0.4287109375 0.4352213541666667 0.0693359375 0.025390625
6 0.45068359375 0.4251302083333333 0.0673828125 0.052083333333333336
4 0.49560546875 0.4251302083333333 0.0302734375 0.037760416666666664
17 0.43408203125 0.4736328125 0.623046875 0.4381510416666667
5 0.347900390625 0.4417317708333333 0.10009765625 0.10611979166666667
9 0.531005859375 0.2861328125 0.06005859375 0.150390625
9 0.529541015625 0.4225260416666667 0.05419921875 0.12760416666666666
6 0.483642578125 0.49609375 0.06103515625 0.08463541666666667
0 0.4287109375 0.4352213541666667 0.0693359375 0.025390625
6 0.45068359375 0.4251302083333333 0.0673828125 0.052083333333333336
4 0.49560546875 0.4251302083333333 0.0302734375 0.037760416666666664
17 0.43408203125 0.4736328125 0.623046875 0.4381510416666667
5 0.347900390625 0.4417317708333333 0.10009765625 0.10611979166666667
9 0.531005859375 0.2861328125 0.06005859375 0.150390625
9 0.529541015625 0.4225260416666667 0.05419921875 0.12760416666666666
6 0.483642578125 0.49609375 0.06103515625 0.08463541666666667
0 0.4287109375 0.4352213541666667 0.0693359375 0.025390625
6 0.45068359375 0.4251302083333333 0.0673828125 0.052083333333333336
4 0.49560546875 0.4251302083333333 0.0302734375 0.037760416666666664
17 0.43408203125 0.4736328125 0.623046875 0.4381510416666667
5 0.347900390625 0.4417317708333333 0.10009765625 0.10611979166666667
9 0.531005859375 0.2861328125 0.06005859375 0.150390625
9 0.529541015625 0.4225260416666667 0.05419921875 0.12760416666666666
6 0.483642578125 0.49609375 0.06103515625 0.08463541666666667
0 0.4287109375 0.4352213541666667 0.0693359375 0.025390625
6 0.45068359375 0.4251302083333333 0.0673828125 0.052083333333333336
4 0.49560546875 0.4251302083333333 0.0302734375 0.037760416666666664
17 0.43408203125 0.4736328125 0.623046875 0.4381510416666667
5 0.347900390625 0.4417317708333333 0.10009765625 0.10611979166666667
9 0.531005859375 0.2861328125 0.06005859375 0.150390625
9 0.529541015625 0.4225260416666667 0.05419921875 0.12760416666666666
6 0.483642578125 0.49609375 0.06103515625 0.08463541666666667
0 0.4287109375 0.4352213541666667 0.0693359375 0.025390625
6 0.45068359375 0.4251302083333333 0.0673828125 0.052083333333333336
4 0.49560546875 0.4251302083333333 0.0302734375 0.037760416666666664
17 0.43408203125 0.4736328125 0.623046875 0.4381510416666667
