3 0.36181640625 0.3981119791666667 0.2666015625 0.16471354166666666
0 0.281005859375 0.4928385416666667 0.08154296875 0.07942708333333333
0 0.262939453125 0.4794921875 0.12841796875 0.041015625
1 0.343505859375 0.4951171875 0.04052734375 0.126953125
1 0.4365234375 0.3802083333333333 0.1962890625 0.11328125
10 0.25634765625 0.3776041666666667 0.1259765625 0.08723958333333333
7 0.349853515625 0.36328125 0.15087890625 0.09765625
5 0.41357421875 0.427734375 0.07421875 0.11979166666666667
17 0.35693359375 0.486328125 0.59765625 0.3502604166666667
3 0.36181640625 0.3981119791666667 0.2666015625 0.16471354166666666
0 0.281005859375 0.4928385416666667 0.08154296875 0.07942708333333333
0 0.262939453125 0.4794921875 0.12841796875 0.041015625
1 0.343505859375 0.4951171875 0.04052734375 0.126953125
1 0.4365234375 0.3802083333333333 0.1962890625 0.11328125
10 0.25634765625 0.3776041666666667 0.1259765625 0.08723958333333333
7 0.349853515625 0.36328125 0.15087890625 0.09765625
5 0.41357421875 0.427734375 0.07421875 0.11979166666666667
17 0.35693359375 0.486328125 0.59765625 0.3502604166666667
3 0.36181640625 0.3981119791666667 0.2666015625 0.16471354166666666
0 0.281005859375 0.4928385416666667 0.08154296875 0.07942708333333333
0 0.262939453125 0.4794921875 0.12841796875 0.041015625
1 0.343505859375 0.4951171875 0.04052734375 0.126953125
1 0.4365234375 0.3802083333333333 0.1962890625 0.11328125
10 0.25634765625 0.3776041666666667 0.1259765625 0.08723958333333333
7 0.349853515625 0.36328125 0.15087890625 0.09765625
5 0.41357421875 0.427734375 0.07421875 0.11979166666666667
17 0.35693359375 0.486328125 0.59765625 0.3502604166666667
3 0.36181640625 0.3981119791666667 0.2666015625 0.16471354166666666
0 0.281005859375 0.4928385416666667 0.08154296875 0.07942708333333333
0 0.262939453125 0.4794921875 0.12841796875 0.041015625
1 0.343505859375 0.4951171875 0.04052734375 0.126953125
1 0.4365234375 0.3802083333333333 0.1962890625 0.11328125
10 0.25634765625 0.3776041666666667 0.1259765625 0.08723958333333333
7 0.349853515625 0.36328125 0.15087890625 0.09765625
5 0.41357421875 0.427734375 0.07421875 0.11979166666666667
17 0.35693359375 0.486328125 0.59765625 0.3502604166666667
3 0.36181640625 0.3981119791666667 0.2666015625 0.16471354166666666
0 0.281005859375 0.4928385416666667 0.08154296875 0.07942708333333333
0 0.262939453125 0.4794921875 0.12841796875 0.041015625
1 0.343505859375 0.4951171875 0.04052734375 0.126953125
1 0.4365234375 0.3802083333333333 0.1962890625 0.11328125
10 0.25634765625 0.3776041666666667 0.1259765625 0.08723958333333333
7 0.349853515625 0.36328125 0.15087890625 0.09765625
5 0.41357421875 0.427734375 0.07421875 0.11979166666666667
17 0.35693359375 0.486328125 0.59765625 0.3502604166666667
3 0.36181640625 0.3981119791666667 0.2666015625 0.16471354166666666
0 0.281005859375 0.4928385416666667 0.08154296875 0.07942708333333333
0 0.262939453125 0.4794921875 0.12841796875 0.041015625
1 0.343505859375 0.4951171875 0.04052734375 0.126953125
1 0.4365234375 0.3802083333333333 0.1962890625 0.11328125
10 0.25634765625 0.3776041666666667 0.1259765625 0.08723958333333333
7 0.349853515625 0.36328125 0.15087890625 0.09765625
5 0.41357421875 0.427734375 0.07421875 0.11979166666666667
17 0.35693359375 0.486328125 0.59765625 0.3502604166666667
3 0.36181640625 0.3981119791666667 0.2666015625 0.16471354166666666
0 0.281005859375 0.4928385416666667 0.08154296875 0.07942708333333333
0 0.262939453125 0.4794921875 0.12841796875 0.041015625
1 0.343505859375 0.4951171875 0.04052734375 0.126953125
1 0.4365234375 0.3802083333333333 0.1962890625 0.11328125
10 0.25634765625 0.3776041666666667 0.1259765625 0.08723958333333333
7 0.349853515625 0.36328125 0.15087890625 0.09765625
5 0.41357421875 0.427734375 0.07421875 0.11979166666666667
17 0.35693359375 0.486328125 0.59765625 0.3502604166666667
3 0.36181640625 0.3981119791666667 0.2666015625 0.16471354166666666
0 0.281005859375 0.4928385416666667 0.08154296875 0.07942708333333333
0 0.262939453125 0.4794921875 0.12841796875 0.041015625
1 0.343505859375 0.4951171875 0.04052734375 0.126953125
1 0.4365234375 0.3802083333333333 0.1962890625 0.11328125
10 0.25634765625 0.3776041666666667 0.1259765625 0.08723958333333333
7 0.349853515625 0.36328125 0.15087890625 0.09765625
5 0.41357421875 0.427734375 0.07421875 0.11979166666666667
17 0.35693359375 0.486328125 0.59765625 0.3502604166666667
3 0.36181640625 0.3981119791666667 0.2666015625 0.16471354166666666
0 0.281005859375 0.4928385416666667 0.08154296875 0.07942708333333333
0 0.262939453125 0.4794921875 0.12841796875 0.041015625
1 0.343505859375 0.4951171875 0.04052734375 0.126953125
1 0.4365234375 0.3802083333333333 0.1962890625 0.11328125
10 0.25634765625 0.3776041666666667 0.1259765625 0.08723958333333333
7 0.349853515625 0.36328125 0.15087890625 0.09765625
5 0.41357421875 0.427734375 0.07421875 0.11979166666666667
17 0.35693359375 0.486328125 0.59765625 0.3502604166666667
3 0.36181640625 0.3981119791666667 0.2666015625 0.16471354166666666
0 0.281005859375 0.4928385416666667 0.08154296875 0.07942708333333333
0 0.262939453125 0.4794921875 0.12841796875 0.041015625
1 0.343505859375 0.4951171875 0.04052734375 0.126953125
1 0.4365234375 0.3802083333333333 0.1962890625 0.11328125
10 0.25634765625 0.3776041666666667 0.1259765625 0.08723958333333333
7 0.349853515625 0.36328125 0.15087890625 0.09765625
5 0.41357421875 0.427734375 0.07421875 0.11979166666666667
17 0.35693359375 0.486328125 0.59765625 0.3502604166666667
3 0.36181640625 0.3981119791666667 0.2666015625 0.16471354166666666
0 0.281005859375 0.4928385416666667 0.08154296875 0.07942708333333333
0 0.262939453125 0.4794921875 0.12841796875 0.041015625
1 0.343505859375 0.4951171875 0.04052734375 0.126953125
1 0.4365234375 0.3802083333333333 0.1962890625 0.11328125
10 0.25634765625 0.3776041666666667 0.1259765625 0.08723958333333333
7 0.349853515625 0.36328125 0.15087890625 0.09765625
5 0.41357421875 0.427734375 0.07421875 0.11979166666666667
17 0.35693359375 0.486328125 0.59765625 0.3502604166666667
3 0.36181640625 0.3981119791666667 0.2666015625 0.16471354166666666
0 0.281005859375 0.4928385416666667 0.08154296875 0.07942708333333333
0 0.262939453125 0.4794921875 0.12841796875 0.041015625
1 0.343505859375 0.4951171875 0.04052734375 0.126953125
1 0.4365234375 0.3802083333333333 0.1962890625 0.11328125
10 0.25634765625 0.3776041666666667 0.1259765625 0.08723958333333333
7 0.349853515625 0.36328125 0.15087890625 0.09765625
5 0.41357421875 0.427734375 0.07421875 0.11979166666666667
17 0.35693359375 0.486328125 0.59765625 0.3502604166666667
