7 0.468994140625 0.5885416666666666 0.04443359375 0.1484375
9 0.409423828125 0.5852864583333334 0.02880859375 0.08723958333333333
0 0.554443359375 0.6331380208333334 0.06396484375 0.052734375
1 0.5458984375 0.6611328125 0.0810546875 0.10872395833333333
1 0.56689453125 0.6090494791666666 0.109375 0.080078125
6 0.586181640625 0.6614583333333334 0.04345703125 0.06510416666666667
3 0.379638671875 0.6761067708333334 0.19189453125 0.169921875
17 0.48291015625 0.6689453125 0.3935546875 0.2975260416666667
7 0.468994140625 0.5885416666666666 0.04443359375 0.1484375
9 0.409423828125 0.5852864583333334 0.02880859375 0.08723958333333333
0 0.554443359375 0.6331380208333334 0.06396484375 0.052734375
1 0.5458984375 0.6611328125 0.0810546875 0.10872395833333333
1 0.56689453125 0.6090494791666666 0.109375 0.080078125
6 0.586181640625 0.6614583333333334 0.04345703125 0.06510416666666667
3 0.379638671875 0.6761067708333334 0.19189453125 0.169921875
17 0.48291015625 0.6689453125 0.3935546875 0.2975260416666667
7 0.468994140625 0.5885416666666666 0.04443359375 0.1484375
9 0.409423828125 0.5852864583333334 0.02880859375 0.08723958333333333
0 0.554443359375 0.6331380208333334 0.06396484375 0.052734375
1 0.5458984375 0.6611328125 0.0810546875 0.10872395833333333
1 0.56689453125 0.6090494791666666 0.109375 0.080078125
6 0.586181640625 0.6614583333333334 0.04345703125 0.06510416666666667
3 0.379638671875 0.6761067708333334 0.19189453125 0.169921875
17 0.48291015625 0.6689453125 0.3935546875 0.2975260416666667
7 0.468994140625 0.5885416666666666 0.04443359375 0.1484375
9 0.409423828125 0.5852864583333334 0.02880859375 0.08723958333333333
0 0.554443359375 0.6331380208333334 0.06396484375 0.052734375
1 0.5458984375 0.6611328125 0.0810546875 0.10872395833333333
1 0.56689453125 0.6090494791666666 0.109375 0.080078125
6 0.586181640625 0.6614583333333334 0.04345703125 0.06510416666666667
3 0.379638671875 0.6761067708333334 0.19189453125 0.169921875
17 0.48291015625 0.6689453125 0.3935546875 0.2975260416666667
7 0.468994140625 0.5885416666666666 0.04443359375 0.1484375
9 0.409423828125 0.5852864583333334 0.02880859375 0.08723958333333333
0 0.554443359375 0.6331380208333334 0.06396484375 0.052734375
1 0.5458984375 0.6611328125 0.0810546875 0.10872395833333333
1 0.56689453125 0.6090494791666666 0.109375 0.080078125
6 0.586181640625 0.6614583333333334 0.04345703125 0.06510416666666667
3 0.379638671875 0.6761067708333334 0.19189453125 0.169921875
17 0.48291015625 0.6689453125 0.3935546875 0.2975260416666667
