10 0.30908203125 0.3518880208333333 0.134765625 0.054036458333333336
3 0.377197265625 0.4114583333333333 0.26708984375 0.07552083333333333
0 0.43994140625 0.4052734375 0.021484375 0.055338541666666664
7 0.422607421875 0.2874348958333333 0.05029296875 0.17903645833333334
7 0.355224609375 0.2890625 0.10693359375 0.061197916666666664
17 0.350830078125 0.3815104166666667 0.44873046875 0.20442708333333334
10 0.30908203125 0.3518880208333333 0.134765625 0.054036458333333336
3 0.377197265625 0.4114583333333333 0.26708984375 0.07552083333333333
0 0.43994140625 0.4052734375 0.021484375 0.055338541666666664
7 0.422607421875 0.2874348958333333 0.05029296875 0.17903645833333334
7 0.355224609375 0.2890625 0.10693359375 0.061197916666666664
17 0.350830078125 0.3815104166666667 0.44873046875 0.20442708333333334
10 0.30908203125 0.3518880208333333 0.134765625 0.054036458333333336
3 0.377197265625 0.4114583333333333 0.26708984375 0.07552083333333333
0 0.43994140625 0.4052734375 0.021484375 0.055338541666666664
7 0.422607421875 0.2874348958333333 0.05029296875 0.17903645833333334
7 0.355224609375 0.2890625 0.10693359375 0.061197916666666664
17 0.350830078125 0.3815104166666667 0.44873046875 0.20442708333333334
10 0.30908203125 0.3518880208333333 0.134765625 0.054036458333333336
3 0.377197265625 0.4114583333333333 0.26708984375 0.07552083333333333
0 0.43994140625 0.4052734375 0.021484375 0.055338541666666664
7 0.422607421875 0.2874348958333333 0.05029296875 0.17903645833333334
7 0.355224609375 0.2890625 0.10693359375 0.061197916666666664
17 0.350830078125 0.3815104166666667 0.44873046875 0.20442708333333334
10 0.30908203125 0.3518880208333333 0.134765625 0.054036458333333336
3 0.377197265625 0.4114583333333333 0.26708984375 0.07552083333333333
0 0.43994140625 0.4052734375 0.021484375 0.055338541666666664
7 0.422607421875 0.2874348958333333 0.05029296875 0.17903645833333334
7 0.355224609375 0.2890625 0.10693359375 0.061197916666666664
17 0.350830078125 0.3815104166666667 0.44873046875 0.20442708333333334
