8 0.492919921875 0.3063151041666667 0.08447265625 0.09049479166666667
10 0.430908203125 0.3365885416666667 0.05517578125 0.09244791666666667
7 0.452880859375 0.3795572916666667 0.06982421875 0.07421875
12 0.510986328125 0.4016927083333333 0.10986328125 0.09244791666666667
2 0.612548828125 0.3756510416666667 0.08544921875 0.07291666666666667
17 0.509765625 0.404296875 0.4736328125 0.23177083333333334
8 0.492919921875 0.3063151041666667 0.08447265625 0.09049479166666667
10 0.430908203125 0.3365885416666667 0.05517578125 0.09244791666666667
7 0.452880859375 0.3795572916666667 0.06982421875 0.07421875
12 0.510986328125 0.4016927083333333 0.10986328125 0.09244791666666667
2 0.612548828125 0.3756510416666667 0.08544921875 0.07291666666666667
17 0.509765625 0.404296875 0.4736328125 0.23177083333333334
8 0.492919921875 0.3063151041666667 0.08447265625 0.09049479166666667
10 0.430908203125 0.3365885416666667 0.05517578125 0.09244791666666667
7 0.452880859375 0.3795572916666667 0.06982421875 0.07421875
12 0.510986328125 0.4016927083333333 0.10986328125 0.09244791666666667
2 0.612548828125 0.3756510416666667 0.08544921875 0.07291666666666667
17 0.509765625 0.404296875 0.4736328125 0.23177083333333334
8 0.492919921875 0.3063151041666667 0.08447265625 0.09049479166666667
10 0.430908203125 0.3365885416666667 0.05517578125 0.09244791666666667
7 0.452880859375 0.3795572916666667 0.06982421875 0.07421875
12 0.510986328125 0.4016927083333333 0.10986328125 0.09244791666666667
2 0.612548828125 0.3756510416666667 0.08544921875 0.07291666666666667
17 0.509765625 0.404296875 0.4736328125 0.23177083333333334
8 0.492919921875 0.3063151041666667 0.08447265625 0.09049479166666667
10 0.430908203125 0.3365885416666667 0.05517578125 0.09244791666666667
7 0.452880859375 0.3795572916666667 0.06982421875 0.07421875
12 0.510986328125 0.4016927083333333 0.10986328125 0.09244791666666667
2 0.612548828125 0.3756510416666667 0.08544921875 0.07291666666666667
17 0.509765625 0.404296875 0.4736328125 0.23177083333333334
8 0.492919921875 0.3063151041666667 0.08447265625 0.09049479166666667
10 0.430908203125 0.3365885416666667 0.05517578125 0.09244791666666667
7 0.452880859375 0.3795572916666667 0.06982421875 0.07421875
12 0.510986328125 0.4016927083333333 0.10986328125 0.09244791666666667
2 0.612548828125 0.3756510416666667 0.08544921875 0.07291666666666667
17 0.509765625 0.404296875 0.4736328125 0.23177083333333334
8 0.492919921875 0.3063151041666667 0.08447265625 0.09049479166666667
10 0.430908203125 0.3365885416666667 0.05517578125 0.09244791666666667
7 0.452880859375 0.3795572916666667 0.06982421875 0.07421875
12 0.510986328125 0.4016927083333333 0.10986328125 0.09244791666666667
2 0.612548828125 0.3756510416666667 0.08544921875 0.07291666666666667
17 0.509765625 0.404296875 0.4736328125 0.23177083333333334
8 0.492919921875 0.3063151041666667 0.08447265625 0.09049479166666667
10 0.430908203125 0.3365885416666667 0.05517578125 0.09244791666666667
7 0.452880859375 0.3795572916666667 0.06982421875 0.07421875
12 0.510986328125 0.4016927083333333 0.10986328125 0.09244791666666667
2 0.612548828125 0.3756510416666667 0.08544921875 0.07291666666666667
17 0.509765625 0.404296875 0.4736328125 0.23177083333333334
8 0.492919921875 0.3063151041666667 0.08447265625 0.09049479166666667
10 0.430908203125 0.3365885416666667 0.05517578125 0.09244791666666667
7 0.452880859375 0.3795572916666667 0.06982421875 0.07421875
12 0.510986328125 0.4016927083333333 0.10986328125 0.09244791666666667
2 0.612548828125 0.3756510416666667 0.08544921875 0.07291666666666667
17 0.509765625 0.404296875 0.4736328125 0.23177083333333334
8 0.492919921875 0.3063151041666667 0.08447265625 0.09049479166666667
10 0.430908203125 0.3365885416666667 0.05517578125 0.09244791666666667
7 0.452880859375 0.3795572916666667 0.06982421875 0.07421875
12 0.510986328125 0.4016927083333333 0.10986328125 0.09244791666666667
2 0.612548828125 0.3756510416666667 0.08544921875 0.07291666666666667
17 0.509765625 0.404296875 0.4736328125 0.23177083333333334
8 0.492919921875 0.3063151041666667 0.08447265625 0.09049479166666667
10 0.430908203125 0.3365885416666667 0.05517578125 0.09244791666666667
7 0.452880859375 0.3795572916666667 0.06982421875 0.07421875
12 0.510986328125 0.4016927083333333 0.10986328125 0.09244791666666667
2 0.612548828125 0.3756510416666667 0.08544921875 0.07291666666666667
17 0.509765625 0.404296875 0.4736328125 0.23177083333333334
8 0.492919921875 0.3063151041666667 0.08447265625 0.09049479166666667
10 0.430908203125 0.3365885416666667 0.05517578125 0.09244791666666667
7 0.452880859375 0.3795572916666667 0.06982421875 0.07421875
12 0.510986328125 0.4016927083333333 0.10986328125 0.09244791666666667
2 0.612548828125 0.3756510416666667 0.08544921875 0.07291666666666667
17 0.509765625 0.404296875 0.4736328125 0.23177083333333334
