7 0.446044921875 0.388671875 0.05322265625 0.125
11 0.621337890625 0.4293619791666667 0.07177734375 0.054036458333333336
11 0.53369140625 0.3811848958333333 0.0458984375 0.09440104166666667
11 0.401611328125 0.4072265625 0.04345703125 0.060546875
6 0.358642578125 0.3811848958333333 0.08154296875 0.025390625
10 0.476318359375 0.3147786458333333 0.04638671875 0.197265625
5 0.59326171875 0.3509114583333333 0.0546875 0.08463541666666667
3 0.50439453125 0.2682291666666667 0.13671875 0.171875
17 0.489501953125 0.4088541666666667 0.47802734375 0.24088541666666666
7 0.446044921875 0.388671875 0.05322265625 0.125
11 0.621337890625 0.4293619791666667 0.07177734375 0.054036458333333336
11 0.53369140625 0.3811848958333333 0.0458984375 0.09440104166666667
11 0.401611328125 0.4072265625 0.04345703125 0.060546875
6 0.358642578125 0.3811848958333333 0.08154296875 0.025390625
10 0.476318359375 0.3147786458333333 0.04638671875 0.197265625
5 0.59326171875 0.3509114583333333 0.0546875 0.08463541666666667
3 0.50439453125 0.2682291666666667 0.13671875 0.171875
17 0.489501953125 0.4088541666666667 0.47802734375 0.24088541666666666
7 0.446044921875 0.388671875 0.05322265625 0.125
11 0.621337890625 0.4293619791666667 0.07177734375 0.054036458333333336
11 0.53369140625 0.3811848958333333 0.0458984375 0.09440104166666667
11 0.401611328125 0.4072265625 0.04345703125 0.060546875
6 0.358642578125 0.3811848958333333 0.08154296875 0.025390625
10 0.476318359375 0.3147786458333333 0.04638671875 0.197265625
5 0.59326171875 0.3509114583333333 0.0546875 0.08463541666666667
3 0.50439453125 0.2682291666666667 0.13671875 0.171875
17 0.489501953125 0.4088541666666667 0.47802734375 0.24088541666666666
7 0.446044921875 0.388671875 0.05322265625 0.125
11 0.621337890625 0.4293619791666667 0.07177734375 0.054036458333333336
11 0.53369140625 0.3811848958333333 0.0458984375 0.09440104166666667
11 0.401611328125 0.4072265625 0.04345703125 0.060546875
6 0.358642578125 0.3811848958333333 0.08154296875 0.025390625
10 0.476318359375 0.3147786458333333 0.04638671875 0.197265625
5 0.59326171875 0.3509114583333333 0.0546875 0.08463541666666667
3 0.50439453125 0.2682291666666667 0.13671875 0.171875
17 0.489501953125 0.4088541666666667 0.47802734375 0.24088541666666666
7 0.446044921875 0.388671875 0.05322265625 0.125
11 0.621337890625 0.4293619791666667 0.07177734375 0.054036458333333336
11 0.53369140625 0.3811848958333333 0.0458984375 0.09440104166666667
11 0.401611328125 0.4072265625 0.04345703125 0.060546875
6 0.358642578125 0.3811848958333333 0.08154296875 0.025390625
10 0.476318359375 0.3147786458333333 0.04638671875 0.197265625
5 0.59326171875 0.3509114583333333 0.0546875 0.08463541666666667
3 0.50439453125 0.2682291666666667 0.13671875 0.171875
17 0.489501953125 0.4088541666666667 0.47802734375 0.24088541666666666
7 0.446044921875 0.388671875 0.05322265625 0.125
11 0.621337890625 0.4293619791666667 0.07177734375 0.054036458333333336
11 0.53369140625 0.3811848958333333 0.0458984375 0.09440104166666667
11 0.401611328125 0.4072265625 0.04345703125 0.060546875
6 0.358642578125 0.3811848958333333 0.08154296875 0.025390625
10 0.476318359375 0.3147786458333333 0.04638671875 0.197265625
5 0.59326171875 0.3509114583333333 0.0546875 0.08463541666666667
3 0.50439453125 0.2682291666666667 0.13671875 0.171875
17 0.489501953125 0.4088541666666667 0.47802734375 0.24088541666666666
7 0.446044921875 0.388671875 0.05322265625 0.125
11 0.621337890625 0.4293619791666667 0.07177734375 0.054036458333333336
11 0.53369140625 0.3811848958333333 0.0458984375 0.09440104166666667
11 0.401611328125 0.4072265625 0.04345703125 0.060546875
6 0.358642578125 0.3811848958333333 0.08154296875 0.025390625
10 0.476318359375 0.3147786458333333 0.04638671875 0.197265625
5 0.59326171875 0.3509114583333333 0.0546875 0.08463541666666667
3 0.50439453125 0.2682291666666667 0.13671875 0.171875
17 0.489501953125 0.4088541666666667 0.47802734375 0.24088541666666666
7 0.446044921875 0.388671875 0.05322265625 0.125
11 0.621337890625 0.4293619791666667 0.07177734375 0.054036458333333336
11 0.53369140625 0.3811848958333333 0.0458984375 0.09440104166666667
11 0.401611328125 0.4072265625 0.04345703125 0.060546875
6 0.358642578125 0.3811848958333333 0.08154296875 0.025390625
10 0.476318359375 0.3147786458333333 0.04638671875 0.197265625
5 0.59326171875 0.3509114583333333 0.0546875 0.08463541666666667
3 0.50439453125 0.2682291666666667 0.13671875 0.171875
17 0.489501953125 0.4088541666666667 0.47802734375 0.24088541666666666
7 0.446044921875 0.388671875 0.05322265625 0.125
11 0.621337890625 0.4293619791666667 0.07177734375 0.054036458333333336
11 0.53369140625 0.3811848958333333 0.0458984375 0.09440104166666667
11 0.401611328125 0.4072265625 0.04345703125 0.060546875
6 0.358642578125 0.3811848958333333 0.08154296875 0.025390625
10 0.476318359375 0.3147786458333333 0.04638671875 0.197265625
5 0.59326171875 0.3509114583333333 0.0546875 0.08463541666666667
3 0.50439453125 0.2682291666666667 0.13671875 0.171875
17 0.489501953125 0.4088541666666667 0.47802734375 0.24088541666666666
7 0.446044921875 0.388671875 0.05322265625 0.125
11 0.621337890625 0.4293619791666667 0.07177734375 0.054036458333333336
11 0.53369140625 0.3811848958333333 0.0458984375 0.09440104166666667
11 0.401611328125 0.4072265625 0.04345703125 0.060546875
6 0.358642578125 0.3811848958333333 0.08154296875 0.025390625
10 0.476318359375 0.3147786458333333 0.04638671875 0.197265625
5 0.59326171875 0.3509114583333333 0.0546875 0.08463541666666667
3 0.50439453125 0.2682291666666667 0.13671875 0.171875
17 0.489501953125 0.4088541666666667 0.47802734375 0.24088541666666666
7 0.446044921875 0.388671875 0.05322265625 0.125
11 0.621337890625 0.4293619791666667 0.07177734375 0.054036458333333336
11 0.53369140625 0.3811848958333333 0.0458984375 0.09440104166666667
11 0.401611328125 0.4072265625 0.04345703125 0.060546875
6 0.358642578125 0.3811848958333333 0.08154296875 0.025390625
10 0.476318359375 0.3147786458333333 0.04638671875 0.197265625
5 0.59326171875 0.3509114583333333 0.0546875 0.08463541666666667
3 0.50439453125 0.2682291666666667 0.13671875 0.171875
17 0.489501953125 0.4088541666666667 0.47802734375 0.24088541666666666
7 0.446044921875 0.388671875 0.05322265625 0.125
11 0.621337890625 0.4293619791666667 0.07177734375 0.054036458333333336
11 0.53369140625 0.3811848958333333 0.0458984375 0.09440104166666667
11 0.401611328125 0.4072265625 0.04345703125 0.060546875
6 0.358642578125 0.3811848958333333 0.08154296875 0.025390625
10 0.476318359375 0.3147786458333333 0.04638671875 0.197265625
5 0.59326171875 0.3509114583333333 0.0546875 0.08463541666666667
3 0.50439453125 0.2682291666666667 0.13671875 0.171875
17 0.489501953125 0.4088541666666667 0.47802734375 0.24088541666666666
