12 0.361083984375 0.3333333333333333 0.10595703125 0.14322916666666666
11 0.43359375 0.3626302083333333 0.0390625 0.08723958333333333
11 0.478515625 0.3304036458333333 0.0478515625 0.046223958333333336
9 0.38525390625 0.3193359375 0.0390625 0.08658854166666667
9 0.30419921875 0.33203125 0.041015625 0.1015625
17 0.348388671875 0.3629557291666667 0.43017578125 0.2727864583333333
12 0.361083984375 0.3333333333333333 0.10595703125 0.14322916666666666
11 0.43359375 0.3626302083333333 0.0390625 0.08723958333333333
11 0.478515625 0.3304036458333333 0.0478515625 0.046223958333333336
9 0.38525390625 0.3193359375 0.0390625 0.08658854166666667
9 0.30419921875 0.33203125 0.041015625 0.1015625
17 0.348388671875 0.3629557291666667 0.43017578125 0.2727864583333333
12 0.361083984375 0.3333333333333333 0.10595703125 0.14322916666666666
11 0.43359375 0.3626302083333333 0.0390625 0.08723958333333333
11 0.478515625 0.3304036458333333 0.0478515625 0.046223958333333336
9 0.38525390625 0.3193359375 0.0390625 0.08658854166666667
9 0.30419921875 0.33203125 0.041015625 0.1015625
17 0.348388671875 0.3629557291666667 0.43017578125 0.2727864583333333
12 0.361083984375 0.3333333333333333 0.10595703125 0.14322916666666666
11 0.43359375 0.3626302083333333 0.0390625 0.08723958333333333
11 0.478515625 0.3304036458333333 0.0478515625 0.046223958333333336
9 0.38525390625 0.3193359375 0.0390625 0.08658854166666667
9 0.30419921875 0.33203125 0.041015625 0.1015625
17 0.348388671875 0.3629557291666667 0.43017578125 0.2727864583333333
12 0.361083984375 0.3333333333333333 0.10595703125 0.14322916666666666
11 0.43359375 0.3626302083333333 0.0390625 0.08723958333333333
11 0.478515625 0.3304036458333333 0.0478515625 0.046223958333333336
9 0.38525390625 0.3193359375 0.0390625 0.08658854166666667
9 0.30419921875 0.33203125 0.041015625 0.1015625
17 0.348388671875 0.3629557291666667 0.43017578125 0.2727864583333333
