5 0.466796875 0.4287109375 0.0595703125 0.150390625
9 0.521240234375 0.4391276041666667 0.05712890625 0.10091145833333333
7 0.404541015625 0.3502604166666667 0.07080078125 0.2421875
0 0.427734375 0.5065104166666666 0.1083984375 0.08203125
10 0.34814453125 0.4371744791666667 0.05859375 0.130859375
17 0.385009765625 0.4791666666666667 0.59912109375 0.4309895833333333
5 0.466796875 0.4287109375 0.0595703125 0.150390625
9 0.521240234375 0.4391276041666667 0.05712890625 0.10091145833333333
7 0.404541015625 0.3502604166666667 0.07080078125 0.2421875
0 0.427734375 0.5065104166666666 0.1083984375 0.08203125
10 0.34814453125 0.4371744791666667 0.05859375 0.130859375
17 0.385009765625 0.4791666666666667 0.59912109375 0.4309895833333333
5 0.466796875 0.4287109375 0.0595703125 0.150390625
9 0.521240234375 0.4391276041666667 0.05712890625 0.10091145833333333
7 0.404541015625 0.3502604166666667 0.07080078125 0.2421875
0 0.427734375 0.5065104166666666 0.1083984375 0.08203125
10 0.34814453125 0.4371744791666667 0.05859375 0.130859375
17 0.385009765625 0.4791666666666667 0.59912109375 0.4309895833333333
5 0.466796875 0.4287109375 0.0595703125 0.150390625
9 0.521240234375 0.4391276041666667 0.05712890625 0.10091145833333333
7 0.404541015625 0.3502604166666667 0.07080078125 0.2421875
0 0.427734375 0.5065104166666666 0.1083984375 0.08203125
10 0.34814453125 0.4371744791666667 0.05859375 0.130859375
17 0.385009765625 0.4791666666666667 0.59912109375 0.4309895833333333
5 0.466796875 0.4287109375 0.0595703125 0.150390625
9 0.521240234375 0.4391276041666667 0.05712890625 0.10091145833333333
7 0.404541015625 0.3502604166666667 0.07080078125 0.2421875
0 0.427734375 0.5065104166666666 0.1083984375 0.08203125
10 0.34814453125 0.4371744791666667 0.05859375 0.130859375
17 0.385009765625 0.4791666666666667 0.59912109375 0.4309895833333333
