12 0.372802734375 0.4326171875 0.15673828125 0.10221354166666667
2 0.47509765625 0.39453125 0.0732421875 0.078125
7 0.356201171875 0.3717447916666667 0.14111328125 0.09114583333333333
6 0.31103515625 0.4352213541666667 0.09765625 0.072265625
1 0.263427734375 0.4147135416666667 0.01904296875 0.08854166666666667
17 0.35205078125 0.4560546875 0.5439453125 0.2727864583333333
12 0.372802734375 0.4326171875 0.15673828125 0.10221354166666667
2 0.47509765625 0.39453125 0.0732421875 0.078125
7 0.356201171875 0.3717447916666667 0.14111328125 0.09114583333333333
6 0.31103515625 0.4352213541666667 0.09765625 0.072265625
1 0.263427734375 0.4147135416666667 0.01904296875 0.08854166666666667
17 0.35205078125 0.4560546875 0.5439453125 0.2727864583333333
