12 0.409423828125 0.42578125 0.05322265625 0.09375
10 0.5234375 0.3427734375 0.0498046875 0.220703125
11 0.584716796875 0.3990885416666667 0.08935546875 0.15885416666666666
7 0.631591796875 0.392578125 0.05322265625 0.12760416666666666
5 0.436767578125 0.3610026041666667 0.05810546875 0.08658854166666667
3 0.4892578125 0.3063151041666667 0.2802734375 0.22981770833333334
6 0.44287109375 0.4944661458333333 0.0322265625 0.08138020833333333
6 0.4697265625 0.4329427083333333 0.078125 0.02734375
17 0.46630859375 0.4661458333333333 0.55859375 0.3203125
12 0.409423828125 0.42578125 0.05322265625 0.09375
10 0.5234375 0.3427734375 0.0498046875 0.220703125
11 0.584716796875 0.3990885416666667 0.08935546875 0.15885416666666666
7 0.631591796875 0.392578125 0.05322265625 0.12760416666666666
5 0.436767578125 0.3610026041666667 0.05810546875 0.08658854166666667
3 0.4892578125 0.3063151041666667 0.2802734375 0.22981770833333334
6 0.44287109375 0.4944661458333333 0.0322265625 0.08138020833333333
6 0.4697265625 0.4329427083333333 0.078125 0.02734375
17 0.46630859375 0.4661458333333333 0.55859375 0.3203125
12 0.409423828125 0.42578125 0.05322265625 0.09375
10 0.5234375 0.3427734375 0.0498046875 0.220703125
11 0.584716796875 0.3990885416666667 0.08935546875 0.15885416666666666
7 0.631591796875 0.392578125 0.05322265625 0.12760416666666666
5 0.436767578125 0.3610026041666667 0.05810546875 0.08658854166666667
3 0.4892578125 0.3063151041666667 0.2802734375 0.22981770833333334
6 0.44287109375 0.4944661458333333 0.0322265625 0.08138020833333333
6 0.4697265625 0.4329427083333333 0.078125 0.02734375
17 0.46630859375 0.4661458333333333 0.55859375 0.3203125
12 0.409423828125 0.42578125 0.05322265625 0.09375
10 0.5234375 0.3427734375 0.0498046875 0.220703125
11 0.584716796875 0.3990885416666667 0.08935546875 0.15885416666666666
7 0.631591796875 0.392578125 0.05322265625 0.12760416666666666
5 0.436767578125 0.3610026041666667 0.05810546875 0.08658854166666667
3 0.4892578125 0.3063151041666667 0.2802734375 0.22981770833333334
6 0.44287109375 0.4944661458333333 0.0322265625 0.08138020833333333
6 0.4697265625 0.4329427083333333 0.078125 0.02734375
17 0.46630859375 0.4661458333333333 0.55859375 0.3203125
12 0.409423828125 0.42578125 0.05322265625 0.09375
10 0.5234375 0.3427734375 0.0498046875 0.220703125
11 0.584716796875 0.3990885416666667 0.08935546875 0.15885416666666666
7 0.631591796875 0.392578125 0.05322265625 0.12760416666666666
5 0.436767578125 0.3610026041666667 0.05810546875 0.08658854166666667
3 0.4892578125 0.3063151041666667 0.2802734375 0.22981770833333334
6 0.44287109375 0.4944661458333333 0.0322265625 0.08138020833333333
6 0.4697265625 0.4329427083333333 0.078125 0.02734375
17 0.46630859375 0.4661458333333333 0.55859375 0.3203125
12 0.409423828125 0.42578125 0.05322265625 0.09375
10 0.5234375 0.3427734375 0.0498046875 0.220703125
11 0.584716796875 0.3990885416666667 0.08935546875 0.15885416666666666
7 0.631591796875 0.392578125 0.05322265625 0.12760416666666666
5 0.436767578125 0.3610026041666667 0.05810546875 0.08658854166666667
3 0.4892578125 0.3063151041666667 0.2802734375 0.22981770833333334
6 0.44287109375 0.4944661458333333 0.0322265625 0.08138020833333333
6 0.4697265625 0.4329427083333333 0.078125 0.02734375
17 0.46630859375 0.4661458333333333 0.55859375 0.3203125
12 0.409423828125 0.42578125 0.05322265625 0.09375
10 0.5234375 0.3427734375 0.0498046875 0.220703125
11 0.584716796875 0.3990885416666667 0.08935546875 0.15885416666666666
7 0.631591796875 0.392578125 0.05322265625 0.12760416666666666
5 0.436767578125 0.3610026041666667 0.05810546875 0.08658854166666667
3 0.4892578125 0.3063151041666667 0.2802734375 0.22981770833333334
6 0.44287109375 0.4944661458333333 0.0322265625 0.08138020833333333
6 0.4697265625 0.4329427083333333 0.078125 0.02734375
17 0.46630859375 0.4661458333333333 0.55859375 0.3203125
12 0.409423828125 0.42578125 0.05322265625 0.09375
10 0.5234375 0.3427734375 0.0498046875 0.220703125
11 0.584716796875 0.3990885416666667 0.08935546875 0.15885416666666666
7 0.631591796875 0.392578125 0.05322265625 0.12760416666666666
5 0.436767578125 0.3610026041666667 0.05810546875 0.08658854166666667
3 0.4892578125 0.3063151041666667 0.2802734375 0.22981770833333334
6 0.44287109375 0.4944661458333333 0.0322265625 0.08138020833333333
6 0.4697265625 0.4329427083333333 0.078125 0.02734375
17 0.46630859375 0.4661458333333333 0.55859375 0.3203125
12 0.409423828125 0.42578125 0.05322265625 0.09375
10 0.5234375 0.3427734375 0.0498046875 0.220703125
11 0.584716796875 0.3990885416666667 0.08935546875 0.15885416666666666
7 0.631591796875 0.392578125 0.05322265625 0.12760416666666666
5 0.436767578125 0.3610026041666667 0.05810546875 0.08658854166666667
3 0.4892578125 0.3063151041666667 0.2802734375 0.22981770833333334
6 0.44287109375 0.4944661458333333 0.0322265625 0.08138020833333333
6 0.4697265625 0.4329427083333333 0.078125 0.02734375
17 0.46630859375 0.4661458333333333 0.55859375 0.3203125
12 0.409423828125 0.42578125 0.05322265625 0.09375
10 0.5234375 0.3427734375 0.0498046875 0.220703125
11 0.584716796875 0.3990885416666667 0.08935546875 0.15885416666666666
7 0.631591796875 0.392578125 0.05322265625 0.12760416666666666
5 0.436767578125 0.3610026041666667 0.05810546875 0.08658854166666667
3 0.4892578125 0.3063151041666667 0.2802734375 0.22981770833333334
6 0.44287109375 0.4944661458333333 0.0322265625 0.08138020833333333
6 0.4697265625 0.4329427083333333 0.078125 0.02734375
17 0.46630859375 0.4661458333333333 0.55859375 0.3203125
12 0.409423828125 0.42578125 0.05322265625 0.09375
10 0.5234375 0.3427734375 0.0498046875 0.220703125
11 0.584716796875 0.3990885416666667 0.08935546875 0.15885416666666666
7 0.631591796875 0.392578125 0.05322265625 0.12760416666666666
5 0.436767578125 0.3610026041666667 0.05810546875 0.08658854166666667
3 0.4892578125 0.3063151041666667 0.2802734375 0.22981770833333334
6 0.44287109375 0.4944661458333333 0.0322265625 0.08138020833333333
6 0.4697265625 0.4329427083333333 0.078125 0.02734375
17 0.46630859375 0.4661458333333333 0.55859375 0.3203125
12 0.409423828125 0.42578125 0.05322265625 0.09375
10 0.5234375 0.3427734375 0.0498046875 0.220703125
11 0.584716796875 0.3990885416666667 0.08935546875 0.15885416666666666
7 0.631591796875 0.392578125 0.05322265625 0.12760416666666666
5 0.436767578125 0.3610026041666667 0.05810546875 0.08658854166666667
3 0.4892578125 0.3063151041666667 0.2802734375 0.22981770833333334
6 0.44287109375 0.4944661458333333 0.0322265625 0.08138020833333333
6 0.4697265625 0.4329427083333333 0.078125 0.02734375
17 0.46630859375 0.4661458333333333 0.55859375 0.3203125
