9 0.34912109375 0.2815755208333333 0.068359375 0.14127604166666666
9 0.354248046875 0.4163411458333333 0.06005859375 0.12565104166666666
4 0.4111328125 0.4921875 0.0908203125 0.0703125
0 0.49267578125 0.4449869791666667 0.1171875 0.034505208333333336
0 0.600341796875 0.4641927083333333 0.10693359375 0.0390625
6 0.48828125 0.4759114583333333 0.0478515625 0.06640625
6 0.460693359375 0.4742838541666667 0.03662109375 0.048828125
5 0.495361328125 0.3955078125 0.06494140625 0.08658854166666667
6 0.4208984375 0.4036458333333333 0.0791015625 0.037760416666666664
17 0.459716796875 0.4729817708333333 0.56884765625 0.3873697916666667
9 0.34912109375 0.2815755208333333 0.068359375 0.14127604166666666
9 0.354248046875 0.4163411458333333 0.06005859375 0.12565104166666666
4 0.4111328125 0.4921875 0.0908203125 0.0703125
0 0.49267578125 0.4449869791666667 0.1171875 0.034505208333333336
0 0.600341796875 0.4641927083333333 0.10693359375 0.0390625
6 0.48828125 0.4759114583333333 0.0478515625 0.06640625
6 0.460693359375 0.4742838541666667 0.03662109375 0.048828125
5 0.495361328125 0.3955078125 0.06494140625 0.08658854166666667
6 0.4208984375 0.4036458333333333 0.0791015625 0.037760416666666664
17 0.459716796875 0.4729817708333333 0.56884765625 0.3873697916666667
9 0.34912109375 0.2815755208333333 0.068359375 0.14127604166666666
9 0.354248046875 0.4163411458333333 0.06005859375 0.12565104166666666
4 0.4111328125 0.4921875 0.0908203125 0.0703125
0 0.49267578125 0.4449869791666667 0.1171875 0.034505208333333336
0 0.600341796875 0.4641927083333333 0.10693359375 0.0390625
6 0.48828125 0.4759114583333333 0.0478515625 0.06640625
6 0.460693359375 0.4742838541666667 0.03662109375 0.048828125
5 0.495361328125 0.3955078125 0.06494140625 0.08658854166666667
6 0.4208984375 0.4036458333333333 0.0791015625 0.037760416666666664
17 0.459716796875 0.4729817708333333 0.56884765625 0.3873697916666667
9 0.34912109375 0.2815755208333333 0.068359375 0.14127604166666666
9 0.354248046875 0.4163411458333333 0.06005859375 0.12565104166666666
4 0.4111328125 0.4921875 0.0908203125 0.0703125
0 0.49267578125 0.4449869791666667 0.1171875 0.034505208333333336
0 0.600341796875 0.4641927083333333 0.10693359375 0.0390625
6 0.48828125 0.4759114583333333 0.0478515625 0.06640625
6 0.460693359375 0.4742838541666667 0.03662109375 0.048828125
5 0.495361328125 0.3955078125 0.06494140625 0.08658854166666667
6 0.4208984375 0.4036458333333333 0.0791015625 0.037760416666666664
17 0.459716796875 0.4729817708333333 0.56884765625 0.3873697916666667
9 0.34912109375 0.2815755208333333 0.068359375 0.14127604166666666
9 0.354248046875 0.4163411458333333 0.06005859375 0.12565104166666666
4 0.4111328125 0.4921875 0.0908203125 0.0703125
0 0.49267578125 0.4449869791666667 0.1171875 0.034505208333333336
0 0.600341796875 0.4641927083333333 0.10693359375 0.0390625
6 0.48828125 0.4759114583333333 0.0478515625 0.06640625
6 0.460693359375 0.4742838541666667 0.03662109375 0.048828125
5 0.495361328125 0.3955078125 0.06494140625 0.08658854166666667
6 0.4208984375 0.4036458333333333 0.0791015625 0.037760416666666664
17 0.459716796875 0.4729817708333333 0.56884765625 0.3873697916666667
