9 0.26806640625 0.3990885416666667 0.05859375 0.13802083333333334
10 0.359375 0.4235026041666667 0.18359375 0.087890625
1 0.222900390625 0.4514973958333333 0.13330078125 0.061848958333333336
5 0.3134765625 0.341796875 0.0595703125 0.041666666666666664
3 0.40380859375 0.4606119791666667 0.3701171875 0.10221354166666667
17 0.367431640625 0.4658203125 0.51611328125 0.302734375
9 0.26806640625 0.3990885416666667 0.05859375 0.13802083333333334
10 0.359375 0.4235026041666667 0.18359375 0.087890625
1 0.222900390625 0.4514973958333333 0.13330078125 0.061848958333333336
5 0.3134765625 0.341796875 0.0595703125 0.041666666666666664
3 0.40380859375 0.4606119791666667 0.3701171875 0.10221354166666667
17 0.367431640625 0.4658203125 0.51611328125 0.302734375
9 0.26806640625 0.3990885416666667 0.05859375 0.13802083333333334
10 0.359375 0.4235026041666667 0.18359375 0.087890625
1 0.222900390625 0.4514973958333333 0.13330078125 0.061848958333333336
5 0.3134765625 0.341796875 0.0595703125 0.041666666666666664
3 0.40380859375 0.4606119791666667 0.3701171875 0.10221354166666667
17 0.367431640625 0.4658203125 0.51611328125 0.302734375
9 0.26806640625 0.3990885416666667 0.05859375 0.13802083333333334
10 0.359375 0.4235026041666667 0.18359375 0.087890625
1 0.222900390625 0.4514973958333333 0.13330078125 0.061848958333333336
5 0.3134765625 0.341796875 0.0595703125 0.041666666666666664
3 0.40380859375 0.4606119791666667 0.3701171875 0.10221354166666667
17 0.367431640625 0.4658203125 0.51611328125 0.302734375
9 0.26806640625 0.3990885416666667 0.05859375 0.13802083333333334
10 0.359375 0.4235026041666667 0.18359375 0.087890625
1 0.222900390625 0.4514973958333333 0.13330078125 0.061848958333333336
5 0.3134765625 0.341796875 0.0595703125 0.041666666666666664
3 0.40380859375 0.4606119791666667 0.3701171875 0.10221354166666667
17 0.367431640625 0.4658203125 0.51611328125 0.302734375
9 0.26806640625 0.3990885416666667 0.05859375 0.13802083333333334
10 0.359375 0.4235026041666667 0.18359375 0.087890625
1 0.222900390625 0.4514973958333333 0.13330078125 0.061848958333333336
5 0.3134765625 0.341796875 0.0595703125 0.041666666666666664
3 0.40380859375 0.4606119791666667 0.3701171875 0.10221354166666667
17 0.367431640625 0.4658203125 0.51611328125 0.302734375
9 0.26806640625 0.3990885416666667 0.05859375 0.13802083333333334
10 0.359375 0.4235026041666667 0.18359375 0.087890625
1 0.222900390625 0.4514973958333333 0.13330078125 0.061848958333333336
5 0.3134765625 0.341796875 0.0595703125 0.041666666666666664
3 0.40380859375 0.4606119791666667 0.3701171875 0.10221354166666667
17 0.367431640625 0.4658203125 0.51611328125 0.302734375
9 0.26806640625 0.3990885416666667 0.05859375 0.13802083333333334
10 0.359375 0.4235026041666667 0.18359375 0.087890625
1 0.222900390625 0.4514973958333333 0.13330078125 0.061848958333333336
5 0.3134765625 0.341796875 0.0595703125 0.041666666666666664
3 0.40380859375 0.4606119791666667 0.3701171875 0.10221354166666667
17 0.367431640625 0.4658203125 0.51611328125 0.302734375
9 0.26806640625 0.3990885416666667 0.05859375 0.13802083333333334
10 0.359375 0.4235026041666667 0.18359375 0.087890625
1 0.222900390625 0.4514973958333333 0.13330078125 0.061848958333333336
5 0.3134765625 0.341796875 0.0595703125 0.041666666666666664
3 0.40380859375 0.4606119791666667 0.3701171875 0.10221354166666667
17 0.367431640625 0.4658203125 0.51611328125 0.302734375
9 0.26806640625 0.3990885416666667 0.05859375 0.13802083333333334
10 0.359375 0.4235026041666667 0.18359375 0.087890625
1 0.222900390625 0.4514973958333333 0.13330078125 0.061848958333333336
5 0.3134765625 0.341796875 0.0595703125 0.041666666666666664
3 0.40380859375 0.4606119791666667 0.3701171875 0.10221354166666667
17 0.367431640625 0.4658203125 0.51611328125 0.302734375
9 0.26806640625 0.3990885416666667 0.05859375 0.13802083333333334
10 0.359375 0.4235026041666667 0.18359375 0.087890625
1 0.222900390625 0.4514973958333333 0.13330078125 0.061848958333333336
5 0.3134765625 0.341796875 0.0595703125 0.041666666666666664
3 0.40380859375 0.4606119791666667 0.3701171875 0.10221354166666667
17 0.367431640625 0.4658203125 0.51611328125 0.302734375
9 0.26806640625 0.3990885416666667 0.05859375 0.13802083333333334
10 0.359375 0.4235026041666667 0.18359375 0.087890625
1 0.222900390625 0.4514973958333333 0.13330078125 0.061848958333333336
5 0.3134765625 0.341796875 0.0595703125 0.041666666666666664
3 0.40380859375 0.4606119791666667 0.3701171875 0.10221354166666667
17 0.367431640625 0.4658203125 0.51611328125 0.302734375
