0 0.349365234375 0.4694010416666667 0.07177734375 0.09114583333333333
12 0.320556640625 0.3212890625 0.06298828125 0.23502604166666666
5 0.495361328125 0.4296875 0.08642578125 0.10546875
11 0.40869140625 0.4274088541666667 0.0439453125 0.08138020833333333
0 0.385986328125 0.3834635416666667 0.08544921875 0.02734375
6 0.44140625 0.3935546875 0.0166015625 0.050130208333333336
17 0.439208984375 0.458984375 0.55126953125 0.3515625
0 0.349365234375 0.4694010416666667 0.07177734375 0.09114583333333333
12 0.320556640625 0.3212890625 0.06298828125 0.23502604166666666
5 0.495361328125 0.4296875 0.08642578125 0.10546875
11 0.40869140625 0.4274088541666667 0.0439453125 0.08138020833333333
0 0.385986328125 0.3834635416666667 0.08544921875 0.02734375
6 0.44140625 0.3935546875 0.0166015625 0.050130208333333336
17 0.439208984375 0.458984375 0.55126953125 0.3515625
0 0.349365234375 0.4694010416666667 0.07177734375 0.09114583333333333
12 0.320556640625 0.3212890625 0.06298828125 0.23502604166666666
5 0.495361328125 0.4296875 0.08642578125 0.10546875
11 0.40869140625 0.4274088541666667 0.0439453125 0.08138020833333333
0 0.385986328125 0.3834635416666667 0.08544921875 0.02734375
6 0.44140625 0.3935546875 0.0166015625 0.050130208333333336
17 0.439208984375 0.458984375 0.55126953125 0.3515625
0 0.349365234375 0.4694010416666667 0.07177734375 0.09114583333333333
12 0.320556640625 0.3212890625 0.06298828125 0.23502604166666666
5 0.495361328125 0.4296875 0.08642578125 0.10546875
11 0.40869140625 0.4274088541666667 0.0439453125 0.08138020833333333
0 0.385986328125 0.3834635416666667 0.08544921875 0.02734375
6 0.44140625 0.3935546875 0.0166015625 0.050130208333333336
17 0.439208984375 0.458984375 0.55126953125 0.3515625
0 0.349365234375 0.4694010416666667 0.07177734375 0.09114583333333333
12 0.320556640625 0.3212890625 0.06298828125 0.23502604166666666
5 0.495361328125 0.4296875 0.08642578125 0.10546875
11 0.40869140625 0.4274088541666667 0.0439453125 0.08138020833333333
0 0.385986328125 0.3834635416666667 0.08544921875 0.02734375
6 0.44140625 0.3935546875 0.0166015625 0.050130208333333336
17 0.439208984375 0.458984375 0.55126953125 0.3515625
