2 0.29150390625 0.4381510416666667 0.0986328125 0.09635416666666667
1 0.301513671875 0.4088541666666667 0.11669921875 0.037760416666666664
1 0.22216796875 0.4661458333333333 0.072265625 0.032552083333333336
10 0.41796875 0.4576822916666667 0.173828125 0.09244791666666667
7 0.447998046875 0.5335286458333334 0.24365234375 0.16861979166666666
8 0.557861328125 0.4554036458333333 0.19873046875 0.13346354166666666
17 0.36279296875 0.55859375 0.6650390625 0.3255208333333333
2 0.29150390625 0.4381510416666667 0.0986328125 0.09635416666666667
1 0.301513671875 0.4088541666666667 0.11669921875 0.037760416666666664
1 0.22216796875 0.4661458333333333 0.072265625 0.032552083333333336
10 0.41796875 0.4576822916666667 0.173828125 0.09244791666666667
7 0.447998046875 0.5335286458333334 0.24365234375 0.16861979166666666
8 0.557861328125 0.4554036458333333 0.19873046875 0.13346354166666666
17 0.36279296875 0.55859375 0.6650390625 0.3255208333333333
2 0.29150390625 0.4381510416666667 0.0986328125 0.09635416666666667
1 0.301513671875 0.4088541666666667 0.11669921875 0.037760416666666664
1 0.22216796875 0.4661458333333333 0.072265625 0.032552083333333336
10 0.41796875 0.4576822916666667 0.173828125 0.09244791666666667
7 0.447998046875 0.5335286458333334 0.24365234375 0.16861979166666666
8 0.557861328125 0.4554036458333333 0.19873046875 0.13346354166666666
17 0.36279296875 0.55859375 0.6650390625 0.3255208333333333
2 0.29150390625 0.4381510416666667 0.0986328125 0.09635416666666667
1 0.301513671875 0.4088541666666667 0.11669921875 0.037760416666666664
1 0.22216796875 0.4661458333333333 0.072265625 0.032552083333333336
10 0.41796875 0.4576822916666667 0.173828125 0.09244791666666667
7 0.447998046875 0.5335286458333334 0.24365234375 0.16861979166666666
8 0.557861328125 0.4554036458333333 0.19873046875 0.13346354166666666
17 0.36279296875 0.55859375 0.6650390625 0.3255208333333333
2 0.29150390625 0.4381510416666667 0.0986328125 0.09635416666666667
1 0.301513671875 0.4088541666666667 0.11669921875 0.037760416666666664
1 0.22216796875 0.4661458333333333 0.072265625 0.032552083333333336
10 0.41796875 0.4576822916666667 0.173828125 0.09244791666666667
7 0.447998046875 0.5335286458333334 0.24365234375 0.16861979166666666
8 0.557861328125 0.4554036458333333 0.19873046875 0.13346354166666666
17 0.36279296875 0.55859375 0.6650390625 0.3255208333333333
