7 0.416748046875 0.3294270833333333 0.04833984375 0.09635416666666667
0 0.389892578125 0.4124348958333333 0.07373046875 0.038411458333333336
0 0.3837890625 0.4283854166666667 0.0615234375 0.061197916666666664
11 0.4990234375 0.4013671875 0.0419921875 0.095703125
6 0.491455078125 0.4036458333333333 0.11376953125 0.029947916666666668
6 0.586669921875 0.3857421875 0.10302734375 0.016276041666666668
12 0.594482421875 0.3095703125 0.04541015625 0.21940104166666666
9 0.542724609375 0.3349609375 0.04638671875 0.11002604166666667
10 0.4697265625 0.298828125 0.04296875 0.171875
17 0.521728515625 0.4095052083333333 0.47607421875 0.25
7 0.416748046875 0.3294270833333333 0.04833984375 0.09635416666666667
0 0.389892578125 0.4124348958333333 0.07373046875 0.038411458333333336
0 0.3837890625 0.4283854166666667 0.0615234375 0.061197916666666664
11 0.4990234375 0.4013671875 0.0419921875 0.095703125
6 0.491455078125 0.4036458333333333 0.11376953125 0.029947916666666668
6 0.586669921875 0.3857421875 0.10302734375 0.016276041666666668
12 0.594482421875 0.3095703125 0.04541015625 0.21940104166666666
9 0.542724609375 0.3349609375 0.04638671875 0.11002604166666667
10 0.4697265625 0.298828125 0.04296875 0.171875
17 0.521728515625 0.4095052083333333 0.47607421875 0.25
7 0.416748046875 0.3294270833333333 0.04833984375 0.09635416666666667
0 0.389892578125 0.4124348958333333 0.07373046875 0.038411458333333336
0 0.3837890625 0.4283854166666667 0.0615234375 0.061197916666666664
11 0.4990234375 0.4013671875 0.0419921875 0.095703125
6 0.491455078125 0.4036458333333333 0.11376953125 0.029947916666666668
6 0.586669921875 0.3857421875 0.10302734375 0.016276041666666668
12 0.594482421875 0.3095703125 0.04541015625 0.21940104166666666
9 0.542724609375 0.3349609375 0.04638671875 0.11002604166666667
10 0.4697265625 0.298828125 0.04296875 0.171875
17 0.521728515625 0.4095052083333333 0.47607421875 0.25
7 0.416748046875 0.3294270833333333 0.04833984375 0.09635416666666667
0 0.389892578125 0.4124348958333333 0.07373046875 0.038411458333333336
0 0.3837890625 0.4283854166666667 0.0615234375 0.061197916666666664
11 0.4990234375 0.4013671875 0.0419921875 0.095703125
6 0.491455078125 0.4036458333333333 0.11376953125 0.029947916666666668
6 0.586669921875 0.3857421875 0.10302734375 0.016276041666666668
12 0.594482421875 0.3095703125 0.04541015625 0.21940104166666666
9 0.542724609375 0.3349609375 0.04638671875 0.11002604166666667
10 0.4697265625 0.298828125 0.04296875 0.171875
17 0.521728515625 0.4095052083333333 0.47607421875 0.25
7 0.416748046875 0.3294270833333333 0.04833984375 0.09635416666666667
0 0.389892578125 0.4124348958333333 0.07373046875 0.038411458333333336
0 0.3837890625 0.4283854166666667 0.0615234375 0.061197916666666664
11 0.4990234375 0.4013671875 0.0419921875 0.095703125
6 0.491455078125 0.4036458333333333 0.11376953125 0.029947916666666668
6 0.586669921875 0.3857421875 0.10302734375 0.016276041666666668
12 0.594482421875 0.3095703125 0.04541015625 0.21940104166666666
9 0.542724609375 0.3349609375 0.04638671875 0.11002604166666667
10 0.4697265625 0.298828125 0.04296875 0.171875
17 0.521728515625 0.4095052083333333 0.47607421875 0.25
7 0.416748046875 0.3294270833333333 0.04833984375 0.09635416666666667
0 0.389892578125 0.4124348958333333 0.07373046875 0.038411458333333336
0 0.3837890625 0.4283854166666667 0.0615234375 0.061197916666666664
11 0.4990234375 0.4013671875 0.0419921875 0.095703125
6 0.491455078125 0.4036458333333333 0.11376953125 0.029947916666666668
6 0.586669921875 0.3857421875 0.10302734375 0.016276041666666668
12 0.594482421875 0.3095703125 0.04541015625 0.21940104166666666
9 0.542724609375 0.3349609375 0.04638671875 0.11002604166666667
10 0.4697265625 0.298828125 0.04296875 0.171875
17 0.521728515625 0.4095052083333333 0.47607421875 0.25
7 0.416748046875 0.3294270833333333 0.04833984375 0.09635416666666667
0 0.389892578125 0.4124348958333333 0.07373046875 0.038411458333333336
0 0.3837890625 0.4283854166666667 0.0615234375 0.061197916666666664
11 0.4990234375 0.4013671875 0.0419921875 0.095703125
6 0.491455078125 0.4036458333333333 0.11376953125 0.029947916666666668
6 0.586669921875 0.3857421875 0.10302734375 0.016276041666666668
12 0.594482421875 0.3095703125 0.04541015625 0.21940104166666666
9 0.542724609375 0.3349609375 0.04638671875 0.11002604166666667
10 0.4697265625 0.298828125 0.04296875 0.171875
17 0.521728515625 0.4095052083333333 0.47607421875 0.25
7 0.416748046875 0.3294270833333333 0.04833984375 0.09635416666666667
0 0.389892578125 0.4124348958333333 0.07373046875 0.038411458333333336
0 0.3837890625 0.4283854166666667 0.0615234375 0.061197916666666664
11 0.4990234375 0.4013671875 0.0419921875 0.095703125
6 0.491455078125 0.4036458333333333 0.11376953125 0.029947916666666668
6 0.586669921875 0.3857421875 0.10302734375 0.016276041666666668
12 0.594482421875 0.3095703125 0.04541015625 0.21940104166666666
9 0.542724609375 0.3349609375 0.04638671875 0.11002604166666667
10 0.4697265625 0.298828125 0.04296875 0.171875
17 0.521728515625 0.4095052083333333 0.47607421875 0.25
7 0.416748046875 0.3294270833333333 0.04833984375 0.09635416666666667
0 0.389892578125 0.4124348958333333 0.07373046875 0.038411458333333336
0 0.3837890625 0.4283854166666667 0.0615234375 0.061197916666666664
11 0.4990234375 0.4013671875 0.0419921875 0.095703125
6 0.491455078125 0.4036458333333333 0.11376953125 0.029947916666666668
6 0.586669921875 0.3857421875 0.10302734375 0.016276041666666668
12 0.594482421875 0.3095703125 0.04541015625 0.21940104166666666
9 0.542724609375 0.3349609375 0.04638671875 0.11002604166666667
10 0.4697265625 0.298828125 0.04296875 0.171875
17 0.521728515625 0.4095052083333333 0.47607421875 0.25
7 0.416748046875 0.3294270833333333 0.04833984375 0.09635416666666667
0 0.389892578125 0.4124348958333333 0.07373046875 0.038411458333333336
0 0.3837890625 0.4283854166666667 0.0615234375 0.061197916666666664
11 0.4990234375 0.4013671875 0.0419921875 0.095703125
6 0.491455078125 0.4036458333333333 0.11376953125 0.029947916666666668
6 0.586669921875 0.3857421875 0.10302734375 0.016276041666666668
12 0.594482421875 0.3095703125 0.04541015625 0.21940104166666666
9 0.542724609375 0.3349609375 0.04638671875 0.11002604166666667
10 0.4697265625 0.298828125 0.04296875 0.171875
17 0.521728515625 0.4095052083333333 0.47607421875 0.25
7 0.416748046875 0.3294270833333333 0.04833984375 0.09635416666666667
0 0.389892578125 0.4124348958333333 0.07373046875 0.038411458333333336
0 0.3837890625 0.4283854166666667 0.0615234375 0.061197916666666664
11 0.4990234375 0.4013671875 0.0419921875 0.095703125
6 0.491455078125 0.4036458333333333 0.11376953125 0.029947916666666668
6 0.586669921875 0.3857421875 0.10302734375 0.016276041666666668
12 0.594482421875 0.3095703125 0.04541015625 0.21940104166666666
9 0.542724609375 0.3349609375 0.04638671875 0.11002604166666667
10 0.4697265625 0.298828125 0.04296875 0.171875
17 0.521728515625 0.4095052083333333 0.47607421875 0.25
7 0.416748046875 0.3294270833333333 0.04833984375 0.09635416666666667
0 0.389892578125 0.4124348958333333 0.07373046875 0.038411458333333336
0 0.3837890625 0.4283854166666667 0.0615234375 0.061197916666666664
11 0.4990234375 0.4013671875 0.0419921875 0.095703125
6 0.491455078125 0.4036458333333333 0.11376953125 0.029947916666666668
6 0.586669921875 0.3857421875 0.10302734375 0.016276041666666668
12 0.594482421875 0.3095703125 0.04541015625 0.21940104166666666
9 0.542724609375 0.3349609375 0.04638671875 0.11002604166666667
10 0.4697265625 0.298828125 0.04296875 0.171875
17 0.521728515625 0.4095052083333333 0.47607421875 0.25
