8 0.45361328125 0.396484375 0.1494140625 0.09635416666666667
7 0.57275390625 0.3951822916666667 0.16015625 0.08333333333333333
10 0.56201171875 0.3792317708333333 0.0654296875 0.11263020833333333
2 0.59326171875 0.4947916666666667 0.1162109375 0.11588541666666667
9 0.478271484375 0.4840494791666667 0.07861328125 0.119140625
3 0.400634765625 0.5550130208333334 0.39599609375 0.197265625
1 0.547607421875 0.5628255208333334 0.31591796875 0.048828125
6 0.3564453125 0.4449869791666667 0.0615234375 0.022786458333333332
17 0.555908203125 0.5712890625 0.65576171875 0.4186197916666667
8 0.45361328125 0.396484375 0.1494140625 0.09635416666666667
7 0.57275390625 0.3951822916666667 0.16015625 0.08333333333333333
10 0.56201171875 0.3792317708333333 0.0654296875 0.11263020833333333
2 0.59326171875 0.4947916666666667 0.1162109375 0.11588541666666667
9 0.478271484375 0.4840494791666667 0.07861328125 0.119140625
3 0.400634765625 0.5550130208333334 0.39599609375 0.197265625
1 0.547607421875 0.5628255208333334 0.31591796875 0.048828125
6 0.3564453125 0.4449869791666667 0.0615234375 0.022786458333333332
17 0.555908203125 0.5712890625 0.65576171875 0.4186197916666667
8 0.45361328125 0.396484375 0.1494140625 0.09635416666666667
7 0.57275390625 0.3951822916666667 0.16015625 0.08333333333333333
10 0.56201171875 0.3792317708333333 0.0654296875 0.11263020833333333
2 0.59326171875 0.4947916666666667 0.1162109375 0.11588541666666667
9 0.478271484375 0.4840494791666667 0.07861328125 0.119140625
3 0.400634765625 0.5550130208333334 0.39599609375 0.197265625
1 0.547607421875 0.5628255208333334 0.31591796875 0.048828125
6 0.3564453125 0.4449869791666667 0.0615234375 0.022786458333333332
17 0.555908203125 0.5712890625 0.65576171875 0.4186197916666667
8 0.45361328125 0.396484375 0.1494140625 0.09635416666666667
7 0.57275390625 0.3951822916666667 0.16015625 0.08333333333333333
10 0.56201171875 0.3792317708333333 0.0654296875 0.11263020833333333
2 0.59326171875 0.4947916666666667 0.1162109375 0.11588541666666667
9 0.478271484375 0.4840494791666667 0.07861328125 0.119140625
3 0.400634765625 0.5550130208333334 0.39599609375 0.197265625
1 0.547607421875 0.5628255208333334 0.31591796875 0.048828125
6 0.3564453125 0.4449869791666667 0.0615234375 0.022786458333333332
17 0.555908203125 0.5712890625 0.65576171875 0.4186197916666667
8 0.45361328125 0.396484375 0.1494140625 0.09635416666666667
7 0.57275390625 0.3951822916666667 0.16015625 0.08333333333333333
10 0.56201171875 0.3792317708333333 0.0654296875 0.11263020833333333
2 0.59326171875 0.4947916666666667 0.1162109375 0.11588541666666667
9 0.478271484375 0.4840494791666667 0.07861328125 0.119140625
3 0.400634765625 0.5550130208333334 0.39599609375 0.197265625
1 0.547607421875 0.5628255208333334 0.31591796875 0.048828125
6 0.3564453125 0.4449869791666667 0.0615234375 0.022786458333333332
17 0.555908203125 0.5712890625 0.65576171875 0.4186197916666667
8 0.45361328125 0.396484375 0.1494140625 0.09635416666666667
7 0.57275390625 0.3951822916666667 0.16015625 0.08333333333333333
10 0.56201171875 0.3792317708333333 0.0654296875 0.11263020833333333
2 0.59326171875 0.4947916666666667 0.1162109375 0.11588541666666667
9 0.478271484375 0.4840494791666667 0.07861328125 0.119140625
3 0.400634765625 0.5550130208333334 0.39599609375 0.197265625
1 0.547607421875 0.5628255208333334 0.31591796875 0.048828125
6 0.3564453125 0.4449869791666667 0.0615234375 0.022786458333333332
17 0.555908203125 0.5712890625 0.65576171875 0.4186197916666667
8 0.45361328125 0.396484375 0.1494140625 0.09635416666666667
7 0.57275390625 0.3951822916666667 0.16015625 0.08333333333333333
10 0.56201171875 0.3792317708333333 0.0654296875 0.11263020833333333
2 0.59326171875 0.4947916666666667 0.1162109375 0.11588541666666667
9 0.478271484375 0.4840494791666667 0.07861328125 0.119140625
3 0.400634765625 0.5550130208333334 0.39599609375 0.197265625
1 0.547607421875 0.5628255208333334 0.31591796875 0.048828125
6 0.3564453125 0.4449869791666667 0.0615234375 0.022786458333333332
17 0.555908203125 0.5712890625 0.65576171875 0.4186197916666667
8 0.45361328125 0.396484375 0.1494140625 0.09635416666666667
7 0.57275390625 0.3951822916666667 0.16015625 0.08333333333333333
10 0.56201171875 0.3792317708333333 0.0654296875 0.11263020833333333
2 0.59326171875 0.4947916666666667 0.1162109375 0.11588541666666667
9 0.478271484375 0.4840494791666667 0.07861328125 0.119140625
3 0.400634765625 0.5550130208333334 0.39599609375 0.197265625
1 0.547607421875 0.5628255208333334 0.31591796875 0.048828125
6 0.3564453125 0.4449869791666667 0.0615234375 0.022786458333333332
17 0.555908203125 0.5712890625 0.65576171875 0.4186197916666667
8 0.45361328125 0.396484375 0.1494140625 0.09635416666666667
7 0.57275390625 0.3951822916666667 0.16015625 0.08333333333333333
10 0.56201171875 0.3792317708333333 0.0654296875 0.11263020833333333
2 0.59326171875 0.4947916666666667 0.1162109375 0.11588541666666667
9 0.478271484375 0.4840494791666667 0.07861328125 0.119140625
3 0.400634765625 0.5550130208333334 0.39599609375 0.197265625
1 0.547607421875 0.5628255208333334 0.31591796875 0.048828125
6 0.3564453125 0.4449869791666667 0.0615234375 0.022786458333333332
17 0.555908203125 0.5712890625 0.65576171875 0.4186197916666667
8 0.45361328125 0.396484375 0.1494140625 0.09635416666666667
7 0.57275390625 0.3951822916666667 0.16015625 0.08333333333333333
10 0.56201171875 0.3792317708333333 0.0654296875 0.11263020833333333
2 0.59326171875 0.4947916666666667 0.1162109375 0.11588541666666667
9 0.478271484375 0.4840494791666667 0.07861328125 0.119140625
3 0.400634765625 0.5550130208333334 0.39599609375 0.197265625
1 0.547607421875 0.5628255208333334 0.31591796875 0.048828125
6 0.3564453125 0.4449869791666667 0.0615234375 0.022786458333333332
17 0.555908203125 0.5712890625 0.65576171875 0.4186197916666667
8 0.45361328125 0.396484375 0.1494140625 0.09635416666666667
7 0.57275390625 0.3951822916666667 0.16015625 0.08333333333333333
10 0.56201171875 0.3792317708333333 0.0654296875 0.11263020833333333
2 0.59326171875 0.4947916666666667 0.1162109375 0.11588541666666667
9 0.478271484375 0.4840494791666667 0.07861328125 0.119140625
3 0.400634765625 0.5550130208333334 0.39599609375 0.197265625
1 0.547607421875 0.5628255208333334 0.31591796875 0.048828125
6 0.3564453125 0.4449869791666667 0.0615234375 0.022786458333333332
17 0.555908203125 0.5712890625 0.65576171875 0.4186197916666667
8 0.45361328125 0.396484375 0.1494140625 0.09635416666666667
7 0.57275390625 0.3951822916666667 0.16015625 0.08333333333333333
10 0.56201171875 0.3792317708333333 0.0654296875 0.11263020833333333
2 0.59326171875 0.4947916666666667 0.1162109375 0.11588541666666667
9 0.478271484375 0.4840494791666667 0.07861328125 0.119140625
3 0.400634765625 0.5550130208333334 0.39599609375 0.197265625
1 0.547607421875 0.5628255208333334 0.31591796875 0.048828125
6 0.3564453125 0.4449869791666667 0.0615234375 0.022786458333333332
17 0.555908203125 0.5712890625 0.65576171875 0.4186197916666667
