7 0.3857421875 0.3046875 0.0546875 0.19140625
7 0.392822265625 0.2965494791666667 0.12744140625 0.059244791666666664
10 0.336181640625 0.3473307291666667 0.05322265625 0.07356770833333333
3 0.275390625 0.3942057291666667 0.2021484375 0.103515625
0 0.27587890625 0.4195963541666667 0.119140625 0.041015625
17 0.37841796875 0.3850911458333333 0.4169921875 0.18684895833333334
7 0.3857421875 0.3046875 0.0546875 0.19140625
7 0.392822265625 0.2965494791666667 0.12744140625 0.059244791666666664
10 0.336181640625 0.3473307291666667 0.05322265625 0.07356770833333333
3 0.275390625 0.3942057291666667 0.2021484375 0.103515625
0 0.27587890625 0.4195963541666667 0.119140625 0.041015625
17 0.37841796875 0.3850911458333333 0.4169921875 0.18684895833333334
7 0.3857421875 0.3046875 0.0546875 0.19140625
7 0.392822265625 0.2965494791666667 0.12744140625 0.059244791666666664
10 0.336181640625 0.3473307291666667 0.05322265625 0.07356770833333333
3 0.275390625 0.3942057291666667 0.2021484375 0.103515625
0 0.27587890625 0.4195963541666667 0.119140625 0.041015625
17 0.37841796875 0.3850911458333333 0.4169921875 0.18684895833333334
7 0.3857421875 0.3046875 0.0546875 0.19140625
7 0.392822265625 0.2965494791666667 0.12744140625 0.059244791666666664
10 0.336181640625 0.3473307291666667 0.05322265625 0.07356770833333333
3 0.275390625 0.3942057291666667 0.2021484375 0.103515625
0 0.27587890625 0.4195963541666667 0.119140625 0.041015625
17 0.37841796875 0.3850911458333333 0.4169921875 0.18684895833333334
7 0.3857421875 0.3046875 0.0546875 0.19140625
7 0.392822265625 0.2965494791666667 0.12744140625 0.059244791666666664
10 0.336181640625 0.3473307291666667 0.05322265625 0.07356770833333333
3 0.275390625 0.3942057291666667 0.2021484375 0.103515625
0 0.27587890625 0.4195963541666667 0.119140625 0.041015625
17 0.37841796875 0.3850911458333333 0.4169921875 0.18684895833333334
