7 0.490966796875 0.44921875 0.18603515625 0.09765625
9 0.659423828125 0.4410807291666667 0.06005859375 0.13736979166666666
6 0.6533203125 0.5192057291666666 0.1474609375 0.060546875
5 0.537841796875 0.4895833333333333 0.07568359375 0.16666666666666666
0 0.444091796875 0.5052083333333334 0.11083984375 0.08463541666666667
2 0.571533203125 0.3876953125 0.08447265625 0.10481770833333333
1 0.663818359375 0.4280598958333333 0.12451171875 0.043619791666666664
9 0.670654296875 0.3518880208333333 0.05126953125 0.039713541666666664
10 0.481201171875 0.3870442708333333 0.04736328125 0.056640625
17 0.550048828125 0.4967447916666667 0.60986328125 0.33203125
7 0.490966796875 0.44921875 0.18603515625 0.09765625
9 0.659423828125 0.4410807291666667 0.06005859375 0.13736979166666666
6 0.6533203125 0.5192057291666666 0.1474609375 0.060546875
5 0.537841796875 0.4895833333333333 0.07568359375 0.16666666666666666
0 0.444091796875 0.5052083333333334 0.11083984375 0.08463541666666667
2 0.571533203125 0.3876953125 0.08447265625 0.10481770833333333
1 0.663818359375 0.4280598958333333 0.12451171875 0.043619791666666664
9 0.670654296875 0.3518880208333333 0.05126953125 0.039713541666666664
10 0.481201171875 0.3870442708333333 0.04736328125 0.056640625
17 0.550048828125 0.4967447916666667 0.60986328125 0.33203125
7 0.490966796875 0.44921875 0.18603515625 0.09765625
9 0.659423828125 0.4410807291666667 0.06005859375 0.13736979166666666
6 0.6533203125 0.5192057291666666 0.1474609375 0.060546875
5 0.537841796875 0.4895833333333333 0.07568359375 0.16666666666666666
0 0.444091796875 0.5052083333333334 0.11083984375 0.08463541666666667
2 0.571533203125 0.3876953125 0.08447265625 0.10481770833333333
1 0.663818359375 0.4280598958333333 0.12451171875 0.043619791666666664
9 0.670654296875 0.3518880208333333 0.05126953125 0.039713541666666664
10 0.481201171875 0.3870442708333333 0.04736328125 0.056640625
17 0.550048828125 0.4967447916666667 0.60986328125 0.33203125
7 0.490966796875 0.44921875 0.18603515625 0.09765625
9 0.659423828125 0.4410807291666667 0.06005859375 0.13736979166666666
6 0.6533203125 0.5192057291666666 0.1474609375 0.060546875
5 0.537841796875 0.4895833333333333 0.07568359375 0.16666666666666666
0 0.444091796875 0.5052083333333334 0.11083984375 0.08463541666666667
2 0.571533203125 0.3876953125 0.08447265625 0.10481770833333333
1 0.663818359375 0.4280598958333333 0.12451171875 0.043619791666666664
9 0.670654296875 0.3518880208333333 0.05126953125 0.039713541666666664
10 0.481201171875 0.3870442708333333 0.04736328125 0.056640625
17 0.550048828125 0.4967447916666667 0.60986328125 0.33203125
7 0.490966796875 0.44921875 0.18603515625 0.09765625
9 0.659423828125 0.4410807291666667 0.06005859375 0.13736979166666666
6 0.6533203125 0.5192057291666666 0.1474609375 0.060546875
5 0.537841796875 0.4895833333333333 0.07568359375 0.16666666666666666
0 0.444091796875 0.5052083333333334 0.11083984375 0.08463541666666667
2 0.571533203125 0.3876953125 0.08447265625 0.10481770833333333
1 0.663818359375 0.4280598958333333 0.12451171875 0.043619791666666664
9 0.670654296875 0.3518880208333333 0.05126953125 0.039713541666666664
10 0.481201171875 0.3870442708333333 0.04736328125 0.056640625
17 0.550048828125 0.4967447916666667 0.60986328125 0.33203125
