7 0.415771484375 0.3297526041666667 0.05419921875 0.22591145833333334
9 0.342041015625 0.4287109375 0.10302734375 0.07486979166666667
10 0.450439453125 0.3860677083333333 0.13427734375 0.07552083333333333
4 0.4296875 0.4677734375 0.08203125 0.055338541666666664
6 0.525146484375 0.431640625 0.11083984375 0.044270833333333336
5 0.352783203125 0.3876953125 0.06494140625 0.12825520833333334
17 0.441162109375 0.4368489583333333 0.55810546875 0.3645833333333333
7 0.415771484375 0.3297526041666667 0.05419921875 0.22591145833333334
9 0.342041015625 0.4287109375 0.10302734375 0.07486979166666667
10 0.450439453125 0.3860677083333333 0.13427734375 0.07552083333333333
4 0.4296875 0.4677734375 0.08203125 0.055338541666666664
6 0.525146484375 0.431640625 0.11083984375 0.044270833333333336
5 0.352783203125 0.3876953125 0.06494140625 0.12825520833333334
17 0.441162109375 0.4368489583333333 0.55810546875 0.3645833333333333
7 0.415771484375 0.3297526041666667 0.05419921875 0.22591145833333334
9 0.342041015625 0.4287109375 0.10302734375 0.07486979166666667
10 0.450439453125 0.3860677083333333 0.13427734375 0.07552083333333333
4 0.4296875 0.4677734375 0.08203125 0.055338541666666664
6 0.525146484375 0.431640625 0.11083984375 0.044270833333333336
5 0.352783203125 0.3876953125 0.06494140625 0.12825520833333334
17 0.441162109375 0.4368489583333333 0.55810546875 0.3645833333333333
7 0.415771484375 0.3297526041666667 0.05419921875 0.22591145833333334
9 0.342041015625 0.4287109375 0.10302734375 0.07486979166666667
10 0.450439453125 0.3860677083333333 0.13427734375 0.07552083333333333
4 0.4296875 0.4677734375 0.08203125 0.055338541666666664
6 0.525146484375 0.431640625 0.11083984375 0.044270833333333336
5 0.352783203125 0.3876953125 0.06494140625 0.12825520833333334
17 0.441162109375 0.4368489583333333 0.55810546875 0.3645833333333333
7 0.415771484375 0.3297526041666667 0.05419921875 0.22591145833333334
9 0.342041015625 0.4287109375 0.10302734375 0.07486979166666667
10 0.450439453125 0.3860677083333333 0.13427734375 0.07552083333333333
4 0.4296875 0.4677734375 0.08203125 0.055338541666666664
6 0.525146484375 0.431640625 0.11083984375 0.044270833333333336
5 0.352783203125 0.3876953125 0.06494140625 0.12825520833333334
17 0.441162109375 0.4368489583333333 0.55810546875 0.3645833333333333
