10 0.5107421875 0.4358723958333333 0.1884765625 0.146484375
7 0.58837890625 0.4742838541666667 0.0693359375 0.16471354166666666
2 0.340087890625 0.4755859375 0.10986328125 0.11393229166666667
3 0.265625 0.4547526041666667 0.1376953125 0.126953125
1 0.275634765625 0.525390625 0.05419921875 0.10807291666666667
0 0.38525390625 0.4251302083333333 0.09375 0.0703125
17 0.46240234375 0.5530598958333334 0.6533203125 0.392578125
10 0.5107421875 0.4358723958333333 0.1884765625 0.146484375
7 0.58837890625 0.4742838541666667 0.0693359375 0.16471354166666666
2 0.340087890625 0.4755859375 0.10986328125 0.11393229166666667
3 0.265625 0.4547526041666667 0.1376953125 0.126953125
1 0.275634765625 0.525390625 0.05419921875 0.10807291666666667
0 0.38525390625 0.4251302083333333 0.09375 0.0703125
17 0.46240234375 0.5530598958333334 0.6533203125 0.392578125
10 0.5107421875 0.4358723958333333 0.1884765625 0.146484375
7 0.58837890625 0.4742838541666667 0.0693359375 0.16471354166666666
2 0.340087890625 0.4755859375 0.10986328125 0.11393229166666667
3 0.265625 0.4547526041666667 0.1376953125 0.126953125
1 0.275634765625 0.525390625 0.05419921875 0.10807291666666667
0 0.38525390625 0.4251302083333333 0.09375 0.0703125
17 0.46240234375 0.5530598958333334 0.6533203125 0.392578125
10 0.5107421875 0.4358723958333333 0.1884765625 0.146484375
7 0.58837890625 0.4742838541666667 0.0693359375 0.16471354166666666
2 0.340087890625 0.4755859375 0.10986328125 0.11393229166666667
3 0.265625 0.4547526041666667 0.1376953125 0.126953125
1 0.275634765625 0.525390625 0.05419921875 0.10807291666666667
0 0.38525390625 0.4251302083333333 0.09375 0.0703125
17 0.46240234375 0.5530598958333334 0.6533203125 0.392578125
10 0.5107421875 0.4358723958333333 0.1884765625 0.146484375
7 0.58837890625 0.4742838541666667 0.0693359375 0.16471354166666666
2 0.340087890625 0.4755859375 0.10986328125 0.11393229166666667
3 0.265625 0.4547526041666667 0.1376953125 0.126953125
1 0.275634765625 0.525390625 0.05419921875 0.10807291666666667
0 0.38525390625 0.4251302083333333 0.09375 0.0703125
17 0.46240234375 0.5530598958333334 0.6533203125 0.392578125
10 0.5107421875 0.4358723958333333 0.1884765625 0.146484375
7 0.58837890625 0.4742838541666667 0.0693359375 0.16471354166666666
2 0.340087890625 0.4755859375 0.10986328125 0.11393229166666667
3 0.265625 0.4547526041666667 0.1376953125 0.126953125
1 0.275634765625 0.525390625 0.05419921875 0.10807291666666667
0 0.38525390625 0.4251302083333333 0.09375 0.0703125
17 0.46240234375 0.5530598958333334 0.6533203125 0.392578125
10 0.5107421875 0.4358723958333333 0.1884765625 0.146484375
7 0.58837890625 0.4742838541666667 0.0693359375 0.16471354166666666
2 0.340087890625 0.4755859375 0.10986328125 0.11393229166666667
3 0.265625 0.4547526041666667 0.1376953125 0.126953125
1 0.275634765625 0.525390625 0.05419921875 0.10807291666666667
0 0.38525390625 0.4251302083333333 0.09375 0.0703125
17 0.46240234375 0.5530598958333334 0.6533203125 0.392578125
10 0.5107421875 0.4358723958333333 0.1884765625 0.146484375
7 0.58837890625 0.4742838541666667 0.0693359375 0.16471354166666666
2 0.340087890625 0.4755859375 0.10986328125 0.11393229166666667
3 0.265625 0.4547526041666667 0.1376953125 0.126953125
1 0.275634765625 0.525390625 0.05419921875 0.10807291666666667
0 0.38525390625 0.4251302083333333 0.09375 0.0703125
17 0.46240234375 0.5530598958333334 0.6533203125 0.392578125
10 0.5107421875 0.4358723958333333 0.1884765625 0.146484375
7 0.58837890625 0.4742838541666667 0.0693359375 0.16471354166666666
2 0.340087890625 0.4755859375 0.10986328125 0.11393229166666667
3 0.265625 0.4547526041666667 0.1376953125 0.126953125
1 0.275634765625 0.525390625 0.05419921875 0.10807291666666667
0 0.38525390625 0.4251302083333333 0.09375 0.0703125
17 0.46240234375 0.5530598958333334 0.6533203125 0.392578125
10 0.5107421875 0.4358723958333333 0.1884765625 0.146484375
7 0.58837890625 0.4742838541666667 0.0693359375 0.16471354166666666
2 0.340087890625 0.4755859375 0.10986328125 0.11393229166666667
3 0.265625 0.4547526041666667 0.1376953125 0.126953125
1 0.275634765625 0.525390625 0.05419921875 0.10807291666666667
0 0.38525390625 0.4251302083333333 0.09375 0.0703125
17 0.46240234375 0.5530598958333334 0.6533203125 0.392578125
10 0.5107421875 0.4358723958333333 0.1884765625 0.146484375
7 0.58837890625 0.4742838541666667 0.0693359375 0.16471354166666666
2 0.340087890625 0.4755859375 0.10986328125 0.11393229166666667
3 0.265625 0.4547526041666667 0.1376953125 0.126953125
1 0.275634765625 0.525390625 0.05419921875 0.10807291666666667
0 0.38525390625 0.4251302083333333 0.09375 0.0703125
17 0.46240234375 0.5530598958333334 0.6533203125 0.392578125
10 0.5107421875 0.4358723958333333 0.1884765625 0.146484375
7 0.58837890625 0.4742838541666667 0.0693359375 0.16471354166666666
2 0.340087890625 0.4755859375 0.10986328125 0.11393229166666667
3 0.265625 0.4547526041666667 0.1376953125 0.126953125
1 0.275634765625 0.525390625 0.05419921875 0.10807291666666667
0 0.38525390625 0.4251302083333333 0.09375 0.0703125
17 0.46240234375 0.5530598958333334 0.6533203125 0.392578125
