7 0.320556640625 0.3909505208333333 0.05712890625 0.12174479166666667
4 0.251953125 0.4244791666666667 0.06640625 0.04296875
1 0.2587890625 0.4541015625 0.169921875 0.06705729166666667
6 0.365478515625 0.4518229166666667 0.04052734375 0.06901041666666667
11 0.373291015625 0.4020182291666667 0.04931640625 0.07096354166666667
12 0.42822265625 0.4108072916666667 0.05859375 0.11328125
2 0.42626953125 0.3694661458333333 0.0703125 0.06705729166666667
17 0.401611328125 0.4615885416666667 0.57666015625 0.2903645833333333
7 0.320556640625 0.3909505208333333 0.05712890625 0.12174479166666667
4 0.251953125 0.4244791666666667 0.06640625 0.04296875
1 0.2587890625 0.4541015625 0.169921875 0.06705729166666667
6 0.365478515625 0.4518229166666667 0.04052734375 0.06901041666666667
11 0.373291015625 0.4020182291666667 0.04931640625 0.07096354166666667
12 0.42822265625 0.4108072916666667 0.05859375 0.11328125
2 0.42626953125 0.3694661458333333 0.0703125 0.06705729166666667
17 0.401611328125 0.4615885416666667 0.57666015625 0.2903645833333333
