10 0.314453125 0.40625 0.078125 0.2903645833333333
7 0.3857421875 0.3681640625 0.068359375 0.2571614583333333
5 0.473876953125 0.4114583333333333 0.07275390625 0.140625
0 0.47705078125 0.50390625 0.1396484375 0.040364583333333336
6 0.24658203125 0.4482421875 0.064453125 0.048828125
0 0.2607421875 0.4918619791666667 0.0537109375 0.08528645833333333
17 0.444580078125 0.5045572916666666 0.60205078125 0.45703125
10 0.314453125 0.40625 0.078125 0.2903645833333333
7 0.3857421875 0.3681640625 0.068359375 0.2571614583333333
5 0.473876953125 0.4114583333333333 0.07275390625 0.140625
0 0.47705078125 0.50390625 0.1396484375 0.040364583333333336
6 0.24658203125 0.4482421875 0.064453125 0.048828125
0 0.2607421875 0.4918619791666667 0.0537109375 0.08528645833333333
17 0.444580078125 0.5045572916666666 0.60205078125 0.45703125
10 0.314453125 0.40625 0.078125 0.2903645833333333
7 0.3857421875 0.3681640625 0.068359375 0.2571614583333333
5 0.473876953125 0.4114583333333333 0.07275390625 0.140625
0 0.47705078125 0.50390625 0.1396484375 0.040364583333333336
6 0.24658203125 0.4482421875 0.064453125 0.048828125
0 0.2607421875 0.4918619791666667 0.0537109375 0.08528645833333333
17 0.444580078125 0.5045572916666666 0.60205078125 0.45703125
10 0.314453125 0.40625 0.078125 0.2903645833333333
7 0.3857421875 0.3681640625 0.068359375 0.2571614583333333
5 0.473876953125 0.4114583333333333 0.07275390625 0.140625
0 0.47705078125 0.50390625 0.1396484375 0.040364583333333336
6 0.24658203125 0.4482421875 0.064453125 0.048828125
0 0.2607421875 0.4918619791666667 0.0537109375 0.08528645833333333
17 0.444580078125 0.5045572916666666 0.60205078125 0.45703125
10 0.314453125 0.40625 0.078125 0.2903645833333333
7 0.3857421875 0.3681640625 0.068359375 0.2571614583333333
5 0.473876953125 0.4114583333333333 0.07275390625 0.140625
0 0.47705078125 0.50390625 0.1396484375 0.040364583333333336
6 0.24658203125 0.4482421875 0.064453125 0.048828125
0 0.2607421875 0.4918619791666667 0.0537109375 0.08528645833333333
17 0.444580078125 0.5045572916666666 0.60205078125 0.45703125
