11 0.35205078125 0.3857421875 0.0625 0.06705729166666667
11 0.450439453125 0.3486328125 0.05029296875 0.054036458333333336
7 0.38916015625 0.3294270833333333 0.0712890625 0.053385416666666664
9 0.337158203125 0.357421875 0.07861328125 0.053385416666666664
9 0.280517578125 0.3238932291666667 0.03955078125 0.08138020833333333
12 0.350341796875 0.298828125 0.10791015625 0.1171875
9 0.41259765625 0.296875 0.0302734375 0.06770833333333333
17 0.3720703125 0.369140625 0.4326171875 0.23958333333333334
11 0.35205078125 0.3857421875 0.0625 0.06705729166666667
11 0.450439453125 0.3486328125 0.05029296875 0.054036458333333336
7 0.38916015625 0.3294270833333333 0.0712890625 0.053385416666666664
9 0.337158203125 0.357421875 0.07861328125 0.053385416666666664
9 0.280517578125 0.3238932291666667 0.03955078125 0.08138020833333333
12 0.350341796875 0.298828125 0.10791015625 0.1171875
9 0.41259765625 0.296875 0.0302734375 0.06770833333333333
17 0.3720703125 0.369140625 0.4326171875 0.23958333333333334
11 0.35205078125 0.3857421875 0.0625 0.06705729166666667
11 0.450439453125 0.3486328125 0.05029296875 0.054036458333333336
7 0.38916015625 0.3294270833333333 0.0712890625 0.053385416666666664
9 0.337158203125 0.357421875 0.07861328125 0.053385416666666664
9 0.280517578125 0.3238932291666667 0.03955078125 0.08138020833333333
12 0.350341796875 0.298828125 0.10791015625 0.1171875
9 0.41259765625 0.296875 0.0302734375 0.06770833333333333
17 0.3720703125 0.369140625 0.4326171875 0.23958333333333334
11 0.35205078125 0.3857421875 0.0625 0.06705729166666667
11 0.450439453125 0.3486328125 0.05029296875 0.054036458333333336
7 0.38916015625 0.3294270833333333 0.0712890625 0.053385416666666664
9 0.337158203125 0.357421875 0.07861328125 0.053385416666666664
9 0.280517578125 0.3238932291666667 0.03955078125 0.08138020833333333
12 0.350341796875 0.298828125 0.10791015625 0.1171875
9 0.41259765625 0.296875 0.0302734375 0.06770833333333333
17 0.3720703125 0.369140625 0.4326171875 0.23958333333333334
11 0.35205078125 0.3857421875 0.0625 0.06705729166666667
11 0.450439453125 0.3486328125 0.05029296875 0.054036458333333336
7 0.38916015625 0.3294270833333333 0.0712890625 0.053385416666666664
9 0.337158203125 0.357421875 0.07861328125 0.053385416666666664
9 0.280517578125 0.3238932291666667 0.03955078125 0.08138020833333333
12 0.350341796875 0.298828125 0.10791015625 0.1171875
9 0.41259765625 0.296875 0.0302734375 0.06770833333333333
17 0.3720703125 0.369140625 0.4326171875 0.23958333333333334
