5 0.407958984375 0.4059244791666667 0.06884765625 0.10872395833333333
3 0.54931640625 0.3330078125 0.2158203125 0.3209635416666667
12 0.54052734375 0.4215494791666667 0.1787109375 0.07486979166666667
11 0.46142578125 0.3649088541666667 0.04296875 0.09049479166666667
11 0.368896484375 0.3658854166666667 0.03076171875 0.03125
6 0.637939453125 0.3932291666666667 0.10888671875 0.018229166666666668
10 0.52880859375 0.3141276041666667 0.046875 0.19075520833333334
17 0.506591796875 0.4446614583333333 0.51708984375 0.2747395833333333
5 0.407958984375 0.4059244791666667 0.06884765625 0.10872395833333333
3 0.54931640625 0.3330078125 0.2158203125 0.3209635416666667
12 0.54052734375 0.4215494791666667 0.1787109375 0.07486979166666667
11 0.46142578125 0.3649088541666667 0.04296875 0.09049479166666667
11 0.368896484375 0.3658854166666667 0.03076171875 0.03125
6 0.637939453125 0.3932291666666667 0.10888671875 0.018229166666666668
10 0.52880859375 0.3141276041666667 0.046875 0.19075520833333334
17 0.506591796875 0.4446614583333333 0.51708984375 0.2747395833333333
5 0.407958984375 0.4059244791666667 0.06884765625 0.10872395833333333
3 0.54931640625 0.3330078125 0.2158203125 0.3209635416666667
12 0.54052734375 0.4215494791666667 0.1787109375 0.07486979166666667
11 0.46142578125 0.3649088541666667 0.04296875 0.09049479166666667
11 0.368896484375 0.3658854166666667 0.03076171875 0.03125
6 0.637939453125 0.3932291666666667 0.10888671875 0.018229166666666668
10 0.52880859375 0.3141276041666667 0.046875 0.19075520833333334
17 0.506591796875 0.4446614583333333 0.51708984375 0.2747395833333333
5 0.407958984375 0.4059244791666667 0.06884765625 0.10872395833333333
3 0.54931640625 0.3330078125 0.2158203125 0.3209635416666667
12 0.54052734375 0.4215494791666667 0.1787109375 0.07486979166666667
11 0.46142578125 0.3649088541666667 0.04296875 0.09049479166666667
11 0.368896484375 0.3658854166666667 0.03076171875 0.03125
6 0.637939453125 0.3932291666666667 0.10888671875 0.018229166666666668
10 0.52880859375 0.3141276041666667 0.046875 0.19075520833333334
17 0.506591796875 0.4446614583333333 0.51708984375 0.2747395833333333
5 0.407958984375 0.4059244791666667 0.06884765625 0.10872395833333333
3 0.54931640625 0.3330078125 0.2158203125 0.3209635416666667
12 0.54052734375 0.4215494791666667 0.1787109375 0.07486979166666667
11 0.46142578125 0.3649088541666667 0.04296875 0.09049479166666667
11 0.368896484375 0.3658854166666667 0.03076171875 0.03125
6 0.637939453125 0.3932291666666667 0.10888671875 0.018229166666666668
10 0.52880859375 0.3141276041666667 0.046875 0.19075520833333334
17 0.506591796875 0.4446614583333333 0.51708984375 0.2747395833333333
5 0.407958984375 0.4059244791666667 0.06884765625 0.10872395833333333
3 0.54931640625 0.3330078125 0.2158203125 0.3209635416666667
12 0.54052734375 0.4215494791666667 0.1787109375 0.07486979166666667
11 0.46142578125 0.3649088541666667 0.04296875 0.09049479166666667
11 0.368896484375 0.3658854166666667 0.03076171875 0.03125
6 0.637939453125 0.3932291666666667 0.10888671875 0.018229166666666668
10 0.52880859375 0.3141276041666667 0.046875 0.19075520833333334
17 0.506591796875 0.4446614583333333 0.51708984375 0.2747395833333333
5 0.407958984375 0.4059244791666667 0.06884765625 0.10872395833333333
3 0.54931640625 0.3330078125 0.2158203125 0.3209635416666667
12 0.54052734375 0.4215494791666667 0.1787109375 0.07486979166666667
11 0.46142578125 0.3649088541666667 0.04296875 0.09049479166666667
11 0.368896484375 0.3658854166666667 0.03076171875 0.03125
6 0.637939453125 0.3932291666666667 0.10888671875 0.018229166666666668
10 0.52880859375 0.3141276041666667 0.046875 0.19075520833333334
17 0.506591796875 0.4446614583333333 0.51708984375 0.2747395833333333
5 0.407958984375 0.4059244791666667 0.06884765625 0.10872395833333333
3 0.54931640625 0.3330078125 0.2158203125 0.3209635416666667
12 0.54052734375 0.4215494791666667 0.1787109375 0.07486979166666667
11 0.46142578125 0.3649088541666667 0.04296875 0.09049479166666667
11 0.368896484375 0.3658854166666667 0.03076171875 0.03125
6 0.637939453125 0.3932291666666667 0.10888671875 0.018229166666666668
10 0.52880859375 0.3141276041666667 0.046875 0.19075520833333334
17 0.506591796875 0.4446614583333333 0.51708984375 0.2747395833333333
5 0.407958984375 0.4059244791666667 0.06884765625 0.10872395833333333
3 0.54931640625 0.3330078125 0.2158203125 0.3209635416666667
12 0.54052734375 0.4215494791666667 0.1787109375 0.07486979166666667
11 0.46142578125 0.3649088541666667 0.04296875 0.09049479166666667
11 0.368896484375 0.3658854166666667 0.03076171875 0.03125
6 0.637939453125 0.3932291666666667 0.10888671875 0.018229166666666668
10 0.52880859375 0.3141276041666667 0.046875 0.19075520833333334
17 0.506591796875 0.4446614583333333 0.51708984375 0.2747395833333333
5 0.407958984375 0.4059244791666667 0.06884765625 0.10872395833333333
3 0.54931640625 0.3330078125 0.2158203125 0.3209635416666667
12 0.54052734375 0.4215494791666667 0.1787109375 0.07486979166666667
11 0.46142578125 0.3649088541666667 0.04296875 0.09049479166666667
11 0.368896484375 0.3658854166666667 0.03076171875 0.03125
6 0.637939453125 0.3932291666666667 0.10888671875 0.018229166666666668
10 0.52880859375 0.3141276041666667 0.046875 0.19075520833333334
17 0.506591796875 0.4446614583333333 0.51708984375 0.2747395833333333
5 0.407958984375 0.4059244791666667 0.06884765625 0.10872395833333333
3 0.54931640625 0.3330078125 0.2158203125 0.3209635416666667
12 0.54052734375 0.4215494791666667 0.1787109375 0.07486979166666667
11 0.46142578125 0.3649088541666667 0.04296875 0.09049479166666667
11 0.368896484375 0.3658854166666667 0.03076171875 0.03125
6 0.637939453125 0.3932291666666667 0.10888671875 0.018229166666666668
10 0.52880859375 0.3141276041666667 0.046875 0.19075520833333334
17 0.506591796875 0.4446614583333333 0.51708984375 0.2747395833333333
5 0.407958984375 0.4059244791666667 0.06884765625 0.10872395833333333
3 0.54931640625 0.3330078125 0.2158203125 0.3209635416666667
12 0.54052734375 0.4215494791666667 0.1787109375 0.07486979166666667
11 0.46142578125 0.3649088541666667 0.04296875 0.09049479166666667
11 0.368896484375 0.3658854166666667 0.03076171875 0.03125
6 0.637939453125 0.3932291666666667 0.10888671875 0.018229166666666668
10 0.52880859375 0.3141276041666667 0.046875 0.19075520833333334
17 0.506591796875 0.4446614583333333 0.51708984375 0.2747395833333333
