7 0.38623046875 0.3059895833333333 0.052734375 0.19401041666666666
7 0.3955078125 0.3001302083333333 0.1220703125 0.059895833333333336
10 0.339599609375 0.3466796875 0.05908203125 0.06966145833333333
3 0.27587890625 0.3889973958333333 0.208984375 0.11002604166666667
0 0.27685546875 0.4182942708333333 0.115234375 0.038411458333333336
17 0.3818359375 0.3772786458333333 0.4130859375 0.20247395833333334
7 0.38623046875 0.3059895833333333 0.052734375 0.19401041666666666
7 0.3955078125 0.3001302083333333 0.1220703125 0.059895833333333336
10 0.339599609375 0.3466796875 0.05908203125 0.06966145833333333
3 0.27587890625 0.3889973958333333 0.208984375 0.11002604166666667
0 0.27685546875 0.4182942708333333 0.115234375 0.038411458333333336
17 0.3818359375 0.3772786458333333 0.4130859375 0.20247395833333334
7 0.38623046875 0.3059895833333333 0.052734375 0.19401041666666666
7 0.3955078125 0.3001302083333333 0.1220703125 0.059895833333333336
10 0.339599609375 0.3466796875 0.05908203125 0.06966145833333333
3 0.27587890625 0.3889973958333333 0.208984375 0.11002604166666667
0 0.27685546875 0.4182942708333333 0.115234375 0.038411458333333336
17 0.3818359375 0.3772786458333333 0.4130859375 0.20247395833333334
7 0.38623046875 0.3059895833333333 0.052734375 0.19401041666666666
7 0.3955078125 0.3001302083333333 0.1220703125 0.059895833333333336
10 0.339599609375 0.3466796875 0.05908203125 0.06966145833333333
3 0.27587890625 0.3889973958333333 0.208984375 0.11002604166666667
0 0.27685546875 0.4182942708333333 0.115234375 0.038411458333333336
17 0.3818359375 0.3772786458333333 0.4130859375 0.20247395833333334
7 0.38623046875 0.3059895833333333 0.052734375 0.19401041666666666
7 0.3955078125 0.3001302083333333 0.1220703125 0.059895833333333336
10 0.339599609375 0.3466796875 0.05908203125 0.06966145833333333
3 0.27587890625 0.3889973958333333 0.208984375 0.11002604166666667
0 0.27685546875 0.4182942708333333 0.115234375 0.038411458333333336
17 0.3818359375 0.3772786458333333 0.4130859375 0.20247395833333334
