5 0.31103515625 0.3753255208333333 0.076171875 0.08268229166666667
4 0.294921875 0.4391276041666667 0.078125 0.043619791666666664
1 0.305419921875 0.466796875 0.19287109375 0.053385416666666664
0 0.4912109375 0.466796875 0.1298828125 0.045572916666666664
6 0.413330078125 0.4560546875 0.05322265625 0.060546875
11 0.406005859375 0.4085286458333333 0.06494140625 0.06705729166666667
12 0.504150390625 0.31640625 0.04736328125 0.22786458333333334
1 0.35693359375 0.4241536458333333 0.03515625 0.09440104166666667
17 0.40771484375 0.4475911458333333 0.5517578125 0.353515625
5 0.31103515625 0.3753255208333333 0.076171875 0.08268229166666667
4 0.294921875 0.4391276041666667 0.078125 0.043619791666666664
1 0.305419921875 0.466796875 0.19287109375 0.053385416666666664
0 0.4912109375 0.466796875 0.1298828125 0.045572916666666664
6 0.413330078125 0.4560546875 0.05322265625 0.060546875
11 0.406005859375 0.4085286458333333 0.06494140625 0.06705729166666667
12 0.504150390625 0.31640625 0.04736328125 0.22786458333333334
1 0.35693359375 0.4241536458333333 0.03515625 0.09440104166666667
17 0.40771484375 0.4475911458333333 0.5517578125 0.353515625
5 0.31103515625 0.3753255208333333 0.076171875 0.08268229166666667
4 0.294921875 0.4391276041666667 0.078125 0.043619791666666664
1 0.305419921875 0.466796875 0.19287109375 0.053385416666666664
0 0.4912109375 0.466796875 0.1298828125 0.045572916666666664
6 0.413330078125 0.4560546875 0.05322265625 0.060546875
11 0.406005859375 0.4085286458333333 0.06494140625 0.06705729166666667
12 0.504150390625 0.31640625 0.04736328125 0.22786458333333334
1 0.35693359375 0.4241536458333333 0.03515625 0.09440104166666667
17 0.40771484375 0.4475911458333333 0.5517578125 0.353515625
5 0.31103515625 0.3753255208333333 0.076171875 0.08268229166666667
4 0.294921875 0.4391276041666667 0.078125 0.043619791666666664
1 0.305419921875 0.466796875 0.19287109375 0.053385416666666664
0 0.4912109375 0.466796875 0.1298828125 0.045572916666666664
6 0.413330078125 0.4560546875 0.05322265625 0.060546875
11 0.406005859375 0.4085286458333333 0.06494140625 0.06705729166666667
12 0.504150390625 0.31640625 0.04736328125 0.22786458333333334
1 0.35693359375 0.4241536458333333 0.03515625 0.09440104166666667
17 0.40771484375 0.4475911458333333 0.5517578125 0.353515625
5 0.31103515625 0.3753255208333333 0.076171875 0.08268229166666667
4 0.294921875 0.4391276041666667 0.078125 0.043619791666666664
1 0.305419921875 0.466796875 0.19287109375 0.053385416666666664
0 0.4912109375 0.466796875 0.1298828125 0.045572916666666664
6 0.413330078125 0.4560546875 0.05322265625 0.060546875
11 0.406005859375 0.4085286458333333 0.06494140625 0.06705729166666667
12 0.504150390625 0.31640625 0.04736328125 0.22786458333333334
1 0.35693359375 0.4241536458333333 0.03515625 0.09440104166666667
17 0.40771484375 0.4475911458333333 0.5517578125 0.353515625
