4 0.504150390625 0.3961588541666667 0.06103515625 0.042317708333333336
1 0.439697265625 0.455078125 0.11083984375 0.10026041666666667
1 0.5087890625 0.390625 0.1572265625 0.055989583333333336
2 0.33740234375 0.423828125 0.0859375 0.08463541666666667
12 0.281494140625 0.30859375 0.05712890625 0.22395833333333334
6 0.464599609375 0.3782552083333333 0.06494140625 0.049479166666666664
7 0.404541015625 0.3349609375 0.05712890625 0.22330729166666666
17 0.422119140625 0.4361979166666667 0.52294921875 0.3059895833333333
4 0.504150390625 0.3961588541666667 0.06103515625 0.042317708333333336
1 0.439697265625 0.455078125 0.11083984375 0.10026041666666667
1 0.5087890625 0.390625 0.1572265625 0.055989583333333336
2 0.33740234375 0.423828125 0.0859375 0.08463541666666667
12 0.281494140625 0.30859375 0.05712890625 0.22395833333333334
6 0.464599609375 0.3782552083333333 0.06494140625 0.049479166666666664
7 0.404541015625 0.3349609375 0.05712890625 0.22330729166666666
17 0.422119140625 0.4361979166666667 0.52294921875 0.3059895833333333
