10 0.450927734375 0.3772786458333333 0.10302734375 0.083984375
7 0.52490234375 0.3912760416666667 0.05859375 0.08854166666666667
2 0.63671875 0.3590494791666667 0.0791015625 0.06575520833333333
8 0.471923828125 0.3131510416666667 0.13134765625 0.10026041666666667
17 0.501953125 0.4078776041666667 0.4658203125 0.20768229166666666
10 0.450927734375 0.3772786458333333 0.10302734375 0.083984375
7 0.52490234375 0.3912760416666667 0.05859375 0.08854166666666667
2 0.63671875 0.3590494791666667 0.0791015625 0.06575520833333333
8 0.471923828125 0.3131510416666667 0.13134765625 0.10026041666666667
17 0.501953125 0.4078776041666667 0.4658203125 0.20768229166666666
10 0.450927734375 0.3772786458333333 0.10302734375 0.083984375
7 0.52490234375 0.3912760416666667 0.05859375 0.08854166666666667
2 0.63671875 0.3590494791666667 0.0791015625 0.06575520833333333
8 0.471923828125 0.3131510416666667 0.13134765625 0.10026041666666667
17 0.501953125 0.4078776041666667 0.4658203125 0.20768229166666666
10 0.450927734375 0.3772786458333333 0.10302734375 0.083984375
7 0.52490234375 0.3912760416666667 0.05859375 0.08854166666666667
2 0.63671875 0.3590494791666667 0.0791015625 0.06575520833333333
8 0.471923828125 0.3131510416666667 0.13134765625 0.10026041666666667
17 0.501953125 0.4078776041666667 0.4658203125 0.20768229166666666
10 0.450927734375 0.3772786458333333 0.10302734375 0.083984375
7 0.52490234375 0.3912760416666667 0.05859375 0.08854166666666667
2 0.63671875 0.3590494791666667 0.0791015625 0.06575520833333333
8 0.471923828125 0.3131510416666667 0.13134765625 0.10026041666666667
17 0.501953125 0.4078776041666667 0.4658203125 0.20768229166666666
10 0.450927734375 0.3772786458333333 0.10302734375 0.083984375
7 0.52490234375 0.3912760416666667 0.05859375 0.08854166666666667
2 0.63671875 0.3590494791666667 0.0791015625 0.06575520833333333
8 0.471923828125 0.3131510416666667 0.13134765625 0.10026041666666667
17 0.501953125 0.4078776041666667 0.4658203125 0.20768229166666666
10 0.450927734375 0.3772786458333333 0.10302734375 0.083984375
7 0.52490234375 0.3912760416666667 0.05859375 0.08854166666666667
2 0.63671875 0.3590494791666667 0.0791015625 0.06575520833333333
8 0.471923828125 0.3131510416666667 0.13134765625 0.10026041666666667
17 0.501953125 0.4078776041666667 0.4658203125 0.20768229166666666
10 0.450927734375 0.3772786458333333 0.10302734375 0.083984375
7 0.52490234375 0.3912760416666667 0.05859375 0.08854166666666667
2 0.63671875 0.3590494791666667 0.0791015625 0.06575520833333333
8 0.471923828125 0.3131510416666667 0.13134765625 0.10026041666666667
17 0.501953125 0.4078776041666667 0.4658203125 0.20768229166666666
10 0.450927734375 0.3772786458333333 0.10302734375 0.083984375
7 0.52490234375 0.3912760416666667 0.05859375 0.08854166666666667
2 0.63671875 0.3590494791666667 0.0791015625 0.06575520833333333
8 0.471923828125 0.3131510416666667 0.13134765625 0.10026041666666667
17 0.501953125 0.4078776041666667 0.4658203125 0.20768229166666666
10 0.450927734375 0.3772786458333333 0.10302734375 0.083984375
7 0.52490234375 0.3912760416666667 0.05859375 0.08854166666666667
2 0.63671875 0.3590494791666667 0.0791015625 0.06575520833333333
8 0.471923828125 0.3131510416666667 0.13134765625 0.10026041666666667
17 0.501953125 0.4078776041666667 0.4658203125 0.20768229166666666
10 0.450927734375 0.3772786458333333 0.10302734375 0.083984375
7 0.52490234375 0.3912760416666667 0.05859375 0.08854166666666667
2 0.63671875 0.3590494791666667 0.0791015625 0.06575520833333333
8 0.471923828125 0.3131510416666667 0.13134765625 0.10026041666666667
17 0.501953125 0.4078776041666667 0.4658203125 0.20768229166666666
10 0.450927734375 0.3772786458333333 0.10302734375 0.083984375
7 0.52490234375 0.3912760416666667 0.05859375 0.08854166666666667
2 0.63671875 0.3590494791666667 0.0791015625 0.06575520833333333
8 0.471923828125 0.3131510416666667 0.13134765625 0.10026041666666667
17 0.501953125 0.4078776041666667 0.4658203125 0.20768229166666666
