12 0.319580078125 0.3444010416666667 0.06103515625 0.2565104166666667
11 0.4345703125 0.4290364583333333 0.1005859375 0.0703125
5 0.5341796875 0.3997395833333333 0.072265625 0.09635416666666667
0 0.424560546875 0.4775390625 0.06884765625 0.087890625
1 0.488037109375 0.4462890625 0.09423828125 0.09700520833333333
0 0.322509765625 0.4046223958333333 0.10986328125 0.033203125
17 0.394287109375 0.466796875 0.59912109375 0.3502604166666667
12 0.319580078125 0.3444010416666667 0.06103515625 0.2565104166666667
11 0.4345703125 0.4290364583333333 0.1005859375 0.0703125
5 0.5341796875 0.3997395833333333 0.072265625 0.09635416666666667
0 0.424560546875 0.4775390625 0.06884765625 0.087890625
1 0.488037109375 0.4462890625 0.09423828125 0.09700520833333333
0 0.322509765625 0.4046223958333333 0.10986328125 0.033203125
17 0.394287109375 0.466796875 0.59912109375 0.3502604166666667
12 0.319580078125 0.3444010416666667 0.06103515625 0.2565104166666667
11 0.4345703125 0.4290364583333333 0.1005859375 0.0703125
5 0.5341796875 0.3997395833333333 0.072265625 0.09635416666666667
0 0.424560546875 0.4775390625 0.06884765625 0.087890625
1 0.488037109375 0.4462890625 0.09423828125 0.09700520833333333
0 0.322509765625 0.4046223958333333 0.10986328125 0.033203125
17 0.394287109375 0.466796875 0.59912109375 0.3502604166666667
12 0.319580078125 0.3444010416666667 0.06103515625 0.2565104166666667
11 0.4345703125 0.4290364583333333 0.1005859375 0.0703125
5 0.5341796875 0.3997395833333333 0.072265625 0.09635416666666667
0 0.424560546875 0.4775390625 0.06884765625 0.087890625
1 0.488037109375 0.4462890625 0.09423828125 0.09700520833333333
0 0.322509765625 0.4046223958333333 0.10986328125 0.033203125
17 0.394287109375 0.466796875 0.59912109375 0.3502604166666667
12 0.319580078125 0.3444010416666667 0.06103515625 0.2565104166666667
11 0.4345703125 0.4290364583333333 0.1005859375 0.0703125
5 0.5341796875 0.3997395833333333 0.072265625 0.09635416666666667
0 0.424560546875 0.4775390625 0.06884765625 0.087890625
1 0.488037109375 0.4462890625 0.09423828125 0.09700520833333333
0 0.322509765625 0.4046223958333333 0.10986328125 0.033203125
17 0.394287109375 0.466796875 0.59912109375 0.3502604166666667
