7 0.3466796875 0.3020833333333333 0.0595703125 0.15364583333333334
10 0.4560546875 0.3483072916666667 0.0546875 0.18359375
9 0.5380859375 0.3717447916666667 0.0498046875 0.11979166666666667
9 0.3671875 0.4469401041666667 0.06640625 0.13997395833333334
8 0.272705078125 0.4212239583333333 0.15869140625 0.125
6 0.239013671875 0.4820963541666667 0.08935546875 0.047526041666666664
2 0.479248046875 0.4192708333333333 0.09033203125 0.11979166666666667
1 0.47509765625 0.4498697916666667 0.16015625 0.018229166666666668
3 0.404541015625 0.6028645833333334 0.42529296875 0.17578125
1 0.525390625 0.4986979166666667 0.2138671875 0.06901041666666667
17 0.362060546875 0.4801432291666667 0.59521484375 0.4641927083333333
7 0.3466796875 0.3020833333333333 0.0595703125 0.15364583333333334
10 0.4560546875 0.3483072916666667 0.0546875 0.18359375
9 0.5380859375 0.3717447916666667 0.0498046875 0.11979166666666667
9 0.3671875 0.4469401041666667 0.06640625 0.13997395833333334
8 0.272705078125 0.4212239583333333 0.15869140625 0.125
6 0.239013671875 0.4820963541666667 0.08935546875 0.047526041666666664
2 0.479248046875 0.4192708333333333 0.09033203125 0.11979166666666667
1 0.47509765625 0.4498697916666667 0.16015625 0.018229166666666668
3 0.404541015625 0.6028645833333334 0.42529296875 0.17578125
1 0.525390625 0.4986979166666667 0.2138671875 0.06901041666666667
17 0.362060546875 0.4801432291666667 0.59521484375 0.4641927083333333
7 0.3466796875 0.3020833333333333 0.0595703125 0.15364583333333334
10 0.4560546875 0.3483072916666667 0.0546875 0.18359375
9 0.5380859375 0.3717447916666667 0.0498046875 0.11979166666666667
9 0.3671875 0.4469401041666667 0.06640625 0.13997395833333334
8 0.272705078125 0.4212239583333333 0.15869140625 0.125
6 0.239013671875 0.4820963541666667 0.08935546875 0.047526041666666664
2 0.479248046875 0.4192708333333333 0.09033203125 0.11979166666666667
1 0.47509765625 0.4498697916666667 0.16015625 0.018229166666666668
3 0.404541015625 0.6028645833333334 0.42529296875 0.17578125
1 0.525390625 0.4986979166666667 0.2138671875 0.06901041666666667
17 0.362060546875 0.4801432291666667 0.59521484375 0.4641927083333333
7 0.3466796875 0.3020833333333333 0.0595703125 0.15364583333333334
10 0.4560546875 0.3483072916666667 0.0546875 0.18359375
9 0.5380859375 0.3717447916666667 0.0498046875 0.11979166666666667
9 0.3671875 0.4469401041666667 0.06640625 0.13997395833333334
8 0.272705078125 0.4212239583333333 0.15869140625 0.125
6 0.239013671875 0.4820963541666667 0.08935546875 0.047526041666666664
2 0.479248046875 0.4192708333333333 0.09033203125 0.11979166666666667
1 0.47509765625 0.4498697916666667 0.16015625 0.018229166666666668
3 0.404541015625 0.6028645833333334 0.42529296875 0.17578125
1 0.525390625 0.4986979166666667 0.2138671875 0.06901041666666667
17 0.362060546875 0.4801432291666667 0.59521484375 0.4641927083333333
7 0.3466796875 0.3020833333333333 0.0595703125 0.15364583333333334
10 0.4560546875 0.3483072916666667 0.0546875 0.18359375
9 0.5380859375 0.3717447916666667 0.0498046875 0.11979166666666667
9 0.3671875 0.4469401041666667 0.06640625 0.13997395833333334
8 0.272705078125 0.4212239583333333 0.15869140625 0.125
6 0.239013671875 0.4820963541666667 0.08935546875 0.047526041666666664
2 0.479248046875 0.4192708333333333 0.09033203125 0.11979166666666667
1 0.47509765625 0.4498697916666667 0.16015625 0.018229166666666668
3 0.404541015625 0.6028645833333334 0.42529296875 0.17578125
1 0.525390625 0.4986979166666667 0.2138671875 0.06901041666666667
17 0.362060546875 0.4801432291666667 0.59521484375 0.4641927083333333
