9 0.349853515625 0.4518229166666667 0.10986328125 0.09375
9 0.547607421875 0.3802083333333333 0.05322265625 0.12109375
5 0.395263671875 0.4104817708333333 0.06494140625 0.13606770833333334
0 0.449951171875 0.4270833333333333 0.04736328125 0.03125
6 0.5078125 0.4469401041666667 0.0927734375 0.055338541666666664
6 0.4912109375 0.484375 0.1005859375 0.046875
6 0.55126953125 0.5026041666666666 0.15234375 0.037760416666666664
0 0.571044921875 0.4723307291666667 0.08837890625 0.046223958333333336
4 0.40771484375 0.5166015625 0.1044921875 0.076171875
17 0.418212890625 0.5123697916666666 0.63623046875 0.33984375
9 0.349853515625 0.4518229166666667 0.10986328125 0.09375
9 0.547607421875 0.3802083333333333 0.05322265625 0.12109375
5 0.395263671875 0.4104817708333333 0.06494140625 0.13606770833333334
0 0.449951171875 0.4270833333333333 0.04736328125 0.03125
6 0.5078125 0.4469401041666667 0.0927734375 0.055338541666666664
6 0.4912109375 0.484375 0.1005859375 0.046875
6 0.55126953125 0.5026041666666666 0.15234375 0.037760416666666664
0 0.571044921875 0.4723307291666667 0.08837890625 0.046223958333333336
4 0.40771484375 0.5166015625 0.1044921875 0.076171875
17 0.418212890625 0.5123697916666666 0.63623046875 0.33984375
9 0.349853515625 0.4518229166666667 0.10986328125 0.09375
9 0.547607421875 0.3802083333333333 0.05322265625 0.12109375
5 0.395263671875 0.4104817708333333 0.06494140625 0.13606770833333334
0 0.449951171875 0.4270833333333333 0.04736328125 0.03125
6 0.5078125 0.4469401041666667 0.0927734375 0.055338541666666664
6 0.4912109375 0.484375 0.1005859375 0.046875
6 0.55126953125 0.5026041666666666 0.15234375 0.037760416666666664
0 0.571044921875 0.4723307291666667 0.08837890625 0.046223958333333336
4 0.40771484375 0.5166015625 0.1044921875 0.076171875
17 0.418212890625 0.5123697916666666 0.63623046875 0.33984375
9 0.349853515625 0.4518229166666667 0.10986328125 0.09375
9 0.547607421875 0.3802083333333333 0.05322265625 0.12109375
5 0.395263671875 0.4104817708333333 0.06494140625 0.13606770833333334
0 0.449951171875 0.4270833333333333 0.04736328125 0.03125
6 0.5078125 0.4469401041666667 0.0927734375 0.055338541666666664
6 0.4912109375 0.484375 0.1005859375 0.046875
6 0.55126953125 0.5026041666666666 0.15234375 0.037760416666666664
0 0.571044921875 0.4723307291666667 0.08837890625 0.046223958333333336
4 0.40771484375 0.5166015625 0.1044921875 0.076171875
17 0.418212890625 0.5123697916666666 0.63623046875 0.33984375
9 0.349853515625 0.4518229166666667 0.10986328125 0.09375
9 0.547607421875 0.3802083333333333 0.05322265625 0.12109375
5 0.395263671875 0.4104817708333333 0.06494140625 0.13606770833333334
0 0.449951171875 0.4270833333333333 0.04736328125 0.03125
6 0.5078125 0.4469401041666667 0.0927734375 0.055338541666666664
6 0.4912109375 0.484375 0.1005859375 0.046875
6 0.55126953125 0.5026041666666666 0.15234375 0.037760416666666664
0 0.571044921875 0.4723307291666667 0.08837890625 0.046223958333333336
4 0.40771484375 0.5166015625 0.1044921875 0.076171875
17 0.418212890625 0.5123697916666666 0.63623046875 0.33984375
