3 0.175537109375 0.4977213541666667 0.21728515625 0.20768229166666666
1 0.309814453125 0.5445963541666666 0.15673828125 0.15690104166666666
2 0.386474609375 0.4498697916666667 0.10498046875 0.13020833333333334
9 0.31298828125 0.4098307291666667 0.052734375 0.13736979166666666
9 0.54541015625 0.4729817708333333 0.06640625 0.15950520833333334
10 0.4951171875 0.3942057291666667 0.0556640625 0.22200520833333334
7 0.4658203125 0.3414713541666667 0.0537109375 0.224609375
8 0.392578125 0.3655598958333333 0.1025390625 0.056640625
17 0.35546875 0.5003255208333334 0.6005859375 0.4173177083333333
3 0.175537109375 0.4977213541666667 0.21728515625 0.20768229166666666
1 0.309814453125 0.5445963541666666 0.15673828125 0.15690104166666666
2 0.386474609375 0.4498697916666667 0.10498046875 0.13020833333333334
9 0.31298828125 0.4098307291666667 0.052734375 0.13736979166666666
9 0.54541015625 0.4729817708333333 0.06640625 0.15950520833333334
10 0.4951171875 0.3942057291666667 0.0556640625 0.22200520833333334
7 0.4658203125 0.3414713541666667 0.0537109375 0.224609375
8 0.392578125 0.3655598958333333 0.1025390625 0.056640625
17 0.35546875 0.5003255208333334 0.6005859375 0.4173177083333333
3 0.175537109375 0.4977213541666667 0.21728515625 0.20768229166666666
1 0.309814453125 0.5445963541666666 0.15673828125 0.15690104166666666
2 0.386474609375 0.4498697916666667 0.10498046875 0.13020833333333334
9 0.31298828125 0.4098307291666667 0.052734375 0.13736979166666666
9 0.54541015625 0.4729817708333333 0.06640625 0.15950520833333334
10 0.4951171875 0.3942057291666667 0.0556640625 0.22200520833333334
7 0.4658203125 0.3414713541666667 0.0537109375 0.224609375
8 0.392578125 0.3655598958333333 0.1025390625 0.056640625
17 0.35546875 0.5003255208333334 0.6005859375 0.4173177083333333
3 0.175537109375 0.4977213541666667 0.21728515625 0.20768229166666666
1 0.309814453125 0.5445963541666666 0.15673828125 0.15690104166666666
2 0.386474609375 0.4498697916666667 0.10498046875 0.13020833333333334
9 0.31298828125 0.4098307291666667 0.052734375 0.13736979166666666
9 0.54541015625 0.4729817708333333 0.06640625 0.15950520833333334
10 0.4951171875 0.3942057291666667 0.0556640625 0.22200520833333334
7 0.4658203125 0.3414713541666667 0.0537109375 0.224609375
8 0.392578125 0.3655598958333333 0.1025390625 0.056640625
17 0.35546875 0.5003255208333334 0.6005859375 0.4173177083333333
3 0.175537109375 0.4977213541666667 0.21728515625 0.20768229166666666
1 0.309814453125 0.5445963541666666 0.15673828125 0.15690104166666666
2 0.386474609375 0.4498697916666667 0.10498046875 0.13020833333333334
9 0.31298828125 0.4098307291666667 0.052734375 0.13736979166666666
9 0.54541015625 0.4729817708333333 0.06640625 0.15950520833333334
10 0.4951171875 0.3942057291666667 0.0556640625 0.22200520833333334
7 0.4658203125 0.3414713541666667 0.0537109375 0.224609375
8 0.392578125 0.3655598958333333 0.1025390625 0.056640625
17 0.35546875 0.5003255208333334 0.6005859375 0.4173177083333333
