10 0.42041015625 0.3212890625 0.052734375 0.19986979166666666
7 0.332275390625 0.3619791666666667 0.05517578125 0.11328125
9 0.46142578125 0.3375651041666667 0.04296875 0.10481770833333333
12 0.535400390625 0.2958984375 0.04150390625 0.21028645833333334
11 0.516845703125 0.4052734375 0.02587890625 0.087890625
0 0.40771484375 0.4694010416666667 0.052734375 0.07161458333333333
0 0.392578125 0.4505208333333333 0.1279296875 0.033854166666666664
6 0.456298828125 0.4088541666666667 0.09521484375 0.037760416666666664
3 0.422119140625 0.3912760416666667 0.24462890625 0.09244791666666667
17 0.427001953125 0.4264322916666667 0.54638671875 0.2760416666666667
10 0.42041015625 0.3212890625 0.052734375 0.19986979166666666
7 0.332275390625 0.3619791666666667 0.05517578125 0.11328125
9 0.46142578125 0.3375651041666667 0.04296875 0.10481770833333333
12 0.535400390625 0.2958984375 0.04150390625 0.21028645833333334
11 0.516845703125 0.4052734375 0.02587890625 0.087890625
0 0.40771484375 0.4694010416666667 0.052734375 0.07161458333333333
0 0.392578125 0.4505208333333333 0.1279296875 0.033854166666666664
6 0.456298828125 0.4088541666666667 0.09521484375 0.037760416666666664
3 0.422119140625 0.3912760416666667 0.24462890625 0.09244791666666667
17 0.427001953125 0.4264322916666667 0.54638671875 0.2760416666666667
10 0.42041015625 0.3212890625 0.052734375 0.19986979166666666
7 0.332275390625 0.3619791666666667 0.05517578125 0.11328125
9 0.46142578125 0.3375651041666667 0.04296875 0.10481770833333333
12 0.535400390625 0.2958984375 0.04150390625 0.21028645833333334
11 0.516845703125 0.4052734375 0.02587890625 0.087890625
0 0.40771484375 0.4694010416666667 0.052734375 0.07161458333333333
0 0.392578125 0.4505208333333333 0.1279296875 0.033854166666666664
6 0.456298828125 0.4088541666666667 0.09521484375 0.037760416666666664
3 0.422119140625 0.3912760416666667 0.24462890625 0.09244791666666667
17 0.427001953125 0.4264322916666667 0.54638671875 0.2760416666666667
10 0.42041015625 0.3212890625 0.052734375 0.19986979166666666
7 0.332275390625 0.3619791666666667 0.05517578125 0.11328125
9 0.46142578125 0.3375651041666667 0.04296875 0.10481770833333333
12 0.535400390625 0.2958984375 0.04150390625 0.21028645833333334
11 0.516845703125 0.4052734375 0.02587890625 0.087890625
0 0.40771484375 0.4694010416666667 0.052734375 0.07161458333333333
0 0.392578125 0.4505208333333333 0.1279296875 0.033854166666666664
6 0.456298828125 0.4088541666666667 0.09521484375 0.037760416666666664
3 0.422119140625 0.3912760416666667 0.24462890625 0.09244791666666667
17 0.427001953125 0.4264322916666667 0.54638671875 0.2760416666666667
10 0.42041015625 0.3212890625 0.052734375 0.19986979166666666
7 0.332275390625 0.3619791666666667 0.05517578125 0.11328125
9 0.46142578125 0.3375651041666667 0.04296875 0.10481770833333333
12 0.535400390625 0.2958984375 0.04150390625 0.21028645833333334
11 0.516845703125 0.4052734375 0.02587890625 0.087890625
0 0.40771484375 0.4694010416666667 0.052734375 0.07161458333333333
0 0.392578125 0.4505208333333333 0.1279296875 0.033854166666666664
6 0.456298828125 0.4088541666666667 0.09521484375 0.037760416666666664
3 0.422119140625 0.3912760416666667 0.24462890625 0.09244791666666667
17 0.427001953125 0.4264322916666667 0.54638671875 0.2760416666666667
10 0.42041015625 0.3212890625 0.052734375 0.19986979166666666
7 0.332275390625 0.3619791666666667 0.05517578125 0.11328125
9 0.46142578125 0.3375651041666667 0.04296875 0.10481770833333333
12 0.535400390625 0.2958984375 0.04150390625 0.21028645833333334
11 0.516845703125 0.4052734375 0.02587890625 0.087890625
0 0.40771484375 0.4694010416666667 0.052734375 0.07161458333333333
0 0.392578125 0.4505208333333333 0.1279296875 0.033854166666666664
6 0.456298828125 0.4088541666666667 0.09521484375 0.037760416666666664
3 0.422119140625 0.3912760416666667 0.24462890625 0.09244791666666667
17 0.427001953125 0.4264322916666667 0.54638671875 0.2760416666666667
10 0.42041015625 0.3212890625 0.052734375 0.19986979166666666
7 0.332275390625 0.3619791666666667 0.05517578125 0.11328125
9 0.46142578125 0.3375651041666667 0.04296875 0.10481770833333333
12 0.535400390625 0.2958984375 0.04150390625 0.21028645833333334
11 0.516845703125 0.4052734375 0.02587890625 0.087890625
0 0.40771484375 0.4694010416666667 0.052734375 0.07161458333333333
0 0.392578125 0.4505208333333333 0.1279296875 0.033854166666666664
6 0.456298828125 0.4088541666666667 0.09521484375 0.037760416666666664
3 0.422119140625 0.3912760416666667 0.24462890625 0.09244791666666667
17 0.427001953125 0.4264322916666667 0.54638671875 0.2760416666666667
10 0.42041015625 0.3212890625 0.052734375 0.19986979166666666
7 0.332275390625 0.3619791666666667 0.05517578125 0.11328125
9 0.46142578125 0.3375651041666667 0.04296875 0.10481770833333333
12 0.535400390625 0.2958984375 0.04150390625 0.21028645833333334
11 0.516845703125 0.4052734375 0.02587890625 0.087890625
0 0.40771484375 0.4694010416666667 0.052734375 0.07161458333333333
0 0.392578125 0.4505208333333333 0.1279296875 0.033854166666666664
6 0.456298828125 0.4088541666666667 0.09521484375 0.037760416666666664
3 0.422119140625 0.3912760416666667 0.24462890625 0.09244791666666667
17 0.427001953125 0.4264322916666667 0.54638671875 0.2760416666666667
10 0.42041015625 0.3212890625 0.052734375 0.19986979166666666
7 0.332275390625 0.3619791666666667 0.05517578125 0.11328125
9 0.46142578125 0.3375651041666667 0.04296875 0.10481770833333333
12 0.535400390625 0.2958984375 0.04150390625 0.21028645833333334
11 0.516845703125 0.4052734375 0.02587890625 0.087890625
0 0.40771484375 0.4694010416666667 0.052734375 0.07161458333333333
0 0.392578125 0.4505208333333333 0.1279296875 0.033854166666666664
6 0.456298828125 0.4088541666666667 0.09521484375 0.037760416666666664
3 0.422119140625 0.3912760416666667 0.24462890625 0.09244791666666667
17 0.427001953125 0.4264322916666667 0.54638671875 0.2760416666666667
10 0.42041015625 0.3212890625 0.052734375 0.19986979166666666
7 0.332275390625 0.3619791666666667 0.05517578125 0.11328125
9 0.46142578125 0.3375651041666667 0.04296875 0.10481770833333333
12 0.535400390625 0.2958984375 0.04150390625 0.21028645833333334
11 0.516845703125 0.4052734375 0.02587890625 0.087890625
0 0.40771484375 0.4694010416666667 0.052734375 0.07161458333333333
0 0.392578125 0.4505208333333333 0.1279296875 0.033854166666666664
6 0.456298828125 0.4088541666666667 0.09521484375 0.037760416666666664
3 0.422119140625 0.3912760416666667 0.24462890625 0.09244791666666667
17 0.427001953125 0.4264322916666667 0.54638671875 0.2760416666666667
10 0.42041015625 0.3212890625 0.052734375 0.19986979166666666
7 0.332275390625 0.3619791666666667 0.05517578125 0.11328125
9 0.46142578125 0.3375651041666667 0.04296875 0.10481770833333333
12 0.535400390625 0.2958984375 0.04150390625 0.21028645833333334
11 0.516845703125 0.4052734375 0.02587890625 0.087890625
0 0.40771484375 0.4694010416666667 0.052734375 0.07161458333333333
0 0.392578125 0.4505208333333333 0.1279296875 0.033854166666666664
6 0.456298828125 0.4088541666666667 0.09521484375 0.037760416666666664
3 0.422119140625 0.3912760416666667 0.24462890625 0.09244791666666667
17 0.427001953125 0.4264322916666667 0.54638671875 0.2760416666666667
10 0.42041015625 0.3212890625 0.052734375 0.19986979166666666
7 0.332275390625 0.3619791666666667 0.05517578125 0.11328125
9 0.46142578125 0.3375651041666667 0.04296875 0.10481770833333333
12 0.535400390625 0.2958984375 0.04150390625 0.21028645833333334
11 0.516845703125 0.4052734375 0.02587890625 0.087890625
0 0.40771484375 0.4694010416666667 0.052734375 0.07161458333333333
0 0.392578125 0.4505208333333333 0.1279296875 0.033854166666666664
6 0.456298828125 0.4088541666666667 0.09521484375 0.037760416666666664
3 0.422119140625 0.3912760416666667 0.24462890625 0.09244791666666667
17 0.427001953125 0.4264322916666667 0.54638671875 0.2760416666666667
