10 0.46142578125 0.3815104166666667 0.15234375 0.08463541666666667
7 0.535400390625 0.3727213541666667 0.08251953125 0.056640625
8 0.39599609375 0.3616536458333333 0.134765625 0.16080729166666666
11 0.3076171875 0.3177083333333333 0.0693359375 0.07291666666666667
2 0.493896484375 0.3323567708333333 0.06103515625 0.050130208333333336
10 0.46142578125 0.3815104166666667 0.15234375 0.08463541666666667
7 0.535400390625 0.3727213541666667 0.08251953125 0.056640625
8 0.39599609375 0.3616536458333333 0.134765625 0.16080729166666666
11 0.3076171875 0.3177083333333333 0.0693359375 0.07291666666666667
2 0.493896484375 0.3323567708333333 0.06103515625 0.050130208333333336
10 0.46142578125 0.3815104166666667 0.15234375 0.08463541666666667
7 0.535400390625 0.3727213541666667 0.08251953125 0.056640625
8 0.39599609375 0.3616536458333333 0.134765625 0.16080729166666666
11 0.3076171875 0.3177083333333333 0.0693359375 0.07291666666666667
2 0.493896484375 0.3323567708333333 0.06103515625 0.050130208333333336
10 0.46142578125 0.3815104166666667 0.15234375 0.08463541666666667
7 0.535400390625 0.3727213541666667 0.08251953125 0.056640625
8 0.39599609375 0.3616536458333333 0.134765625 0.16080729166666666
11 0.3076171875 0.3177083333333333 0.0693359375 0.07291666666666667
2 0.493896484375 0.3323567708333333 0.06103515625 0.050130208333333336
10 0.46142578125 0.3815104166666667 0.15234375 0.08463541666666667
7 0.535400390625 0.3727213541666667 0.08251953125 0.056640625
8 0.39599609375 0.3616536458333333 0.134765625 0.16080729166666666
11 0.3076171875 0.3177083333333333 0.0693359375 0.07291666666666667
2 0.493896484375 0.3323567708333333 0.06103515625 0.050130208333333336
10 0.46142578125 0.3815104166666667 0.15234375 0.08463541666666667
7 0.535400390625 0.3727213541666667 0.08251953125 0.056640625
8 0.39599609375 0.3616536458333333 0.134765625 0.16080729166666666
11 0.3076171875 0.3177083333333333 0.0693359375 0.07291666666666667
2 0.493896484375 0.3323567708333333 0.06103515625 0.050130208333333336
10 0.46142578125 0.3815104166666667 0.15234375 0.08463541666666667
7 0.535400390625 0.3727213541666667 0.08251953125 0.056640625
8 0.39599609375 0.3616536458333333 0.134765625 0.16080729166666666
11 0.3076171875 0.3177083333333333 0.0693359375 0.07291666666666667
2 0.493896484375 0.3323567708333333 0.06103515625 0.050130208333333336
10 0.46142578125 0.3815104166666667 0.15234375 0.08463541666666667
7 0.535400390625 0.3727213541666667 0.08251953125 0.056640625
8 0.39599609375 0.3616536458333333 0.134765625 0.16080729166666666
11 0.3076171875 0.3177083333333333 0.0693359375 0.07291666666666667
2 0.493896484375 0.3323567708333333 0.06103515625 0.050130208333333336
10 0.46142578125 0.3815104166666667 0.15234375 0.08463541666666667
7 0.535400390625 0.3727213541666667 0.08251953125 0.056640625
8 0.39599609375 0.3616536458333333 0.134765625 0.16080729166666666
11 0.3076171875 0.3177083333333333 0.0693359375 0.07291666666666667
2 0.493896484375 0.3323567708333333 0.06103515625 0.050130208333333336
10 0.46142578125 0.3815104166666667 0.15234375 0.08463541666666667
7 0.535400390625 0.3727213541666667 0.08251953125 0.056640625
8 0.39599609375 0.3616536458333333 0.134765625 0.16080729166666666
11 0.3076171875 0.3177083333333333 0.0693359375 0.07291666666666667
2 0.493896484375 0.3323567708333333 0.06103515625 0.050130208333333336
10 0.46142578125 0.3815104166666667 0.15234375 0.08463541666666667
7 0.535400390625 0.3727213541666667 0.08251953125 0.056640625
8 0.39599609375 0.3616536458333333 0.134765625 0.16080729166666666
11 0.3076171875 0.3177083333333333 0.0693359375 0.07291666666666667
2 0.493896484375 0.3323567708333333 0.06103515625 0.050130208333333336
10 0.46142578125 0.3815104166666667 0.15234375 0.08463541666666667
7 0.535400390625 0.3727213541666667 0.08251953125 0.056640625
8 0.39599609375 0.3616536458333333 0.134765625 0.16080729166666666
11 0.3076171875 0.3177083333333333 0.0693359375 0.07291666666666667
2 0.493896484375 0.3323567708333333 0.06103515625 0.050130208333333336
