12 0.463623046875 0.2265625 0.05029296875 0.16145833333333334
2 0.458740234375 0.3095703125 0.07568359375 0.048828125
2 0.455322265625 0.34375 0.07177734375 0.037760416666666664
10 0.517333984375 0.3030598958333333 0.04345703125 0.17643229166666666
7 0.591796875 0.3411458333333333 0.0439453125 0.09114583333333333
11 0.58642578125 0.3834635416666667 0.09765625 0.052083333333333336
8 0.50048828125 0.4111328125 0.1396484375 0.13606770833333334
4 0.392578125 0.416015625 0.0703125 0.052083333333333336
6 0.3876953125 0.3932291666666667 0.0888671875 0.041666666666666664
17 0.453125 0.4166666666666667 0.4873046875 0.2643229166666667
12 0.463623046875 0.2265625 0.05029296875 0.16145833333333334
2 0.458740234375 0.3095703125 0.07568359375 0.048828125
2 0.455322265625 0.34375 0.07177734375 0.037760416666666664
10 0.517333984375 0.3030598958333333 0.04345703125 0.17643229166666666
7 0.591796875 0.3411458333333333 0.0439453125 0.09114583333333333
11 0.58642578125 0.3834635416666667 0.09765625 0.052083333333333336
8 0.50048828125 0.4111328125 0.1396484375 0.13606770833333334
4 0.392578125 0.416015625 0.0703125 0.052083333333333336
6 0.3876953125 0.3932291666666667 0.0888671875 0.041666666666666664
17 0.453125 0.4166666666666667 0.4873046875 0.2643229166666667
12 0.463623046875 0.2265625 0.05029296875 0.16145833333333334
2 0.458740234375 0.3095703125 0.07568359375 0.048828125
2 0.455322265625 0.34375 0.07177734375 0.037760416666666664
10 0.517333984375 0.3030598958333333 0.04345703125 0.17643229166666666
7 0.591796875 0.3411458333333333 0.0439453125 0.09114583333333333
11 0.58642578125 0.3834635416666667 0.09765625 0.052083333333333336
8 0.50048828125 0.4111328125 0.1396484375 0.13606770833333334
4 0.392578125 0.416015625 0.0703125 0.052083333333333336
6 0.3876953125 0.3932291666666667 0.0888671875 0.041666666666666664
17 0.453125 0.4166666666666667 0.4873046875 0.2643229166666667
12 0.463623046875 0.2265625 0.05029296875 0.16145833333333334
2 0.458740234375 0.3095703125 0.07568359375 0.048828125
2 0.455322265625 0.34375 0.07177734375 0.037760416666666664
10 0.517333984375 0.3030598958333333 0.04345703125 0.17643229166666666
7 0.591796875 0.3411458333333333 0.0439453125 0.09114583333333333
11 0.58642578125 0.3834635416666667 0.09765625 0.052083333333333336
8 0.50048828125 0.4111328125 0.1396484375 0.13606770833333334
4 0.392578125 0.416015625 0.0703125 0.052083333333333336
6 0.3876953125 0.3932291666666667 0.0888671875 0.041666666666666664
17 0.453125 0.4166666666666667 0.4873046875 0.2643229166666667
12 0.463623046875 0.2265625 0.05029296875 0.16145833333333334
2 0.458740234375 0.3095703125 0.07568359375 0.048828125
2 0.455322265625 0.34375 0.07177734375 0.037760416666666664
10 0.517333984375 0.3030598958333333 0.04345703125 0.17643229166666666
7 0.591796875 0.3411458333333333 0.0439453125 0.09114583333333333
11 0.58642578125 0.3834635416666667 0.09765625 0.052083333333333336
8 0.50048828125 0.4111328125 0.1396484375 0.13606770833333334
4 0.392578125 0.416015625 0.0703125 0.052083333333333336
6 0.3876953125 0.3932291666666667 0.0888671875 0.041666666666666664
17 0.453125 0.4166666666666667 0.4873046875 0.2643229166666667
12 0.463623046875 0.2265625 0.05029296875 0.16145833333333334
2 0.458740234375 0.3095703125 0.07568359375 0.048828125
2 0.455322265625 0.34375 0.07177734375 0.037760416666666664
10 0.517333984375 0.3030598958333333 0.04345703125 0.17643229166666666
7 0.591796875 0.3411458333333333 0.0439453125 0.09114583333333333
11 0.58642578125 0.3834635416666667 0.09765625 0.052083333333333336
8 0.50048828125 0.4111328125 0.1396484375 0.13606770833333334
4 0.392578125 0.416015625 0.0703125 0.052083333333333336
6 0.3876953125 0.3932291666666667 0.0888671875 0.041666666666666664
17 0.453125 0.4166666666666667 0.4873046875 0.2643229166666667
12 0.463623046875 0.2265625 0.05029296875 0.16145833333333334
2 0.458740234375 0.3095703125 0.07568359375 0.048828125
2 0.455322265625 0.34375 0.07177734375 0.037760416666666664
10 0.517333984375 0.3030598958333333 0.04345703125 0.17643229166666666
7 0.591796875 0.3411458333333333 0.0439453125 0.09114583333333333
11 0.58642578125 0.3834635416666667 0.09765625 0.052083333333333336
8 0.50048828125 0.4111328125 0.1396484375 0.13606770833333334
4 0.392578125 0.416015625 0.0703125 0.052083333333333336
6 0.3876953125 0.3932291666666667 0.0888671875 0.041666666666666664
17 0.453125 0.4166666666666667 0.4873046875 0.2643229166666667
12 0.463623046875 0.2265625 0.05029296875 0.16145833333333334
2 0.458740234375 0.3095703125 0.07568359375 0.048828125
2 0.455322265625 0.34375 0.07177734375 0.037760416666666664
10 0.517333984375 0.3030598958333333 0.04345703125 0.17643229166666666
7 0.591796875 0.3411458333333333 0.0439453125 0.09114583333333333
11 0.58642578125 0.3834635416666667 0.09765625 0.052083333333333336
8 0.50048828125 0.4111328125 0.1396484375 0.13606770833333334
4 0.392578125 0.416015625 0.0703125 0.052083333333333336
6 0.3876953125 0.3932291666666667 0.0888671875 0.041666666666666664
17 0.453125 0.4166666666666667 0.4873046875 0.2643229166666667
12 0.463623046875 0.2265625 0.05029296875 0.16145833333333334
2 0.458740234375 0.3095703125 0.07568359375 0.048828125
2 0.455322265625 0.34375 0.07177734375 0.037760416666666664
10 0.517333984375 0.3030598958333333 0.04345703125 0.17643229166666666
7 0.591796875 0.3411458333333333 0.0439453125 0.09114583333333333
11 0.58642578125 0.3834635416666667 0.09765625 0.052083333333333336
8 0.50048828125 0.4111328125 0.1396484375 0.13606770833333334
4 0.392578125 0.416015625 0.0703125 0.052083333333333336
6 0.3876953125 0.3932291666666667 0.0888671875 0.041666666666666664
17 0.453125 0.4166666666666667 0.4873046875 0.2643229166666667
12 0.463623046875 0.2265625 0.05029296875 0.16145833333333334
2 0.458740234375 0.3095703125 0.07568359375 0.048828125
2 0.455322265625 0.34375 0.07177734375 0.037760416666666664
10 0.517333984375 0.3030598958333333 0.04345703125 0.17643229166666666
7 0.591796875 0.3411458333333333 0.0439453125 0.09114583333333333
11 0.58642578125 0.3834635416666667 0.09765625 0.052083333333333336
8 0.50048828125 0.4111328125 0.1396484375 0.13606770833333334
4 0.392578125 0.416015625 0.0703125 0.052083333333333336
6 0.3876953125 0.3932291666666667 0.0888671875 0.041666666666666664
17 0.453125 0.4166666666666667 0.4873046875 0.2643229166666667
12 0.463623046875 0.2265625 0.05029296875 0.16145833333333334
2 0.458740234375 0.3095703125 0.07568359375 0.048828125
2 0.455322265625 0.34375 0.07177734375 0.037760416666666664
10 0.517333984375 0.3030598958333333 0.04345703125 0.17643229166666666
7 0.591796875 0.3411458333333333 0.0439453125 0.09114583333333333
11 0.58642578125 0.3834635416666667 0.09765625 0.052083333333333336
8 0.50048828125 0.4111328125 0.1396484375 0.13606770833333334
4 0.392578125 0.416015625 0.0703125 0.052083333333333336
6 0.3876953125 0.3932291666666667 0.0888671875 0.041666666666666664
17 0.453125 0.4166666666666667 0.4873046875 0.2643229166666667
12 0.463623046875 0.2265625 0.05029296875 0.16145833333333334
2 0.458740234375 0.3095703125 0.07568359375 0.048828125
2 0.455322265625 0.34375 0.07177734375 0.037760416666666664
10 0.517333984375 0.3030598958333333 0.04345703125 0.17643229166666666
7 0.591796875 0.3411458333333333 0.0439453125 0.09114583333333333
11 0.58642578125 0.3834635416666667 0.09765625 0.052083333333333336
8 0.50048828125 0.4111328125 0.1396484375 0.13606770833333334
4 0.392578125 0.416015625 0.0703125 0.052083333333333336
6 0.3876953125 0.3932291666666667 0.0888671875 0.041666666666666664
17 0.453125 0.4166666666666667 0.4873046875 0.2643229166666667
