9 0.414306640625 0.443359375 0.06201171875 0.15364583333333334
9 0.3681640625 0.3984375 0.0458984375 0.12890625
5 0.415771484375 0.3352864583333333 0.04638671875 0.07421875
7 0.515869140625 0.39453125 0.14697265625 0.06770833333333333
2 0.5341796875 0.43359375 0.1025390625 0.13020833333333334
10 0.602783203125 0.4228515625 0.11181640625 0.10872395833333333
1 0.497802734375 0.5283203125 0.27783203125 0.042317708333333336
1 0.541748046875 0.4654947916666667 0.20068359375 0.05078125
6 0.330322265625 0.431640625 0.05712890625 0.024739583333333332
17 0.51171875 0.509765625 0.646484375 0.3658854166666667
9 0.414306640625 0.443359375 0.06201171875 0.15364583333333334
9 0.3681640625 0.3984375 0.0458984375 0.12890625
5 0.415771484375 0.3352864583333333 0.04638671875 0.07421875
7 0.515869140625 0.39453125 0.14697265625 0.06770833333333333
2 0.5341796875 0.43359375 0.1025390625 0.13020833333333334
10 0.602783203125 0.4228515625 0.11181640625 0.10872395833333333
1 0.497802734375 0.5283203125 0.27783203125 0.042317708333333336
1 0.541748046875 0.4654947916666667 0.20068359375 0.05078125
6 0.330322265625 0.431640625 0.05712890625 0.024739583333333332
17 0.51171875 0.509765625 0.646484375 0.3658854166666667
9 0.414306640625 0.443359375 0.06201171875 0.15364583333333334
9 0.3681640625 0.3984375 0.0458984375 0.12890625
5 0.415771484375 0.3352864583333333 0.04638671875 0.07421875
7 0.515869140625 0.39453125 0.14697265625 0.06770833333333333
2 0.5341796875 0.43359375 0.1025390625 0.13020833333333334
10 0.602783203125 0.4228515625 0.11181640625 0.10872395833333333
1 0.497802734375 0.5283203125 0.27783203125 0.042317708333333336
1 0.541748046875 0.4654947916666667 0.20068359375 0.05078125
6 0.330322265625 0.431640625 0.05712890625 0.024739583333333332
17 0.51171875 0.509765625 0.646484375 0.3658854166666667
9 0.414306640625 0.443359375 0.06201171875 0.15364583333333334
9 0.3681640625 0.3984375 0.0458984375 0.12890625
5 0.415771484375 0.3352864583333333 0.04638671875 0.07421875
7 0.515869140625 0.39453125 0.14697265625 0.06770833333333333
2 0.5341796875 0.43359375 0.1025390625 0.13020833333333334
10 0.602783203125 0.4228515625 0.11181640625 0.10872395833333333
1 0.497802734375 0.5283203125 0.27783203125 0.042317708333333336
1 0.541748046875 0.4654947916666667 0.20068359375 0.05078125
6 0.330322265625 0.431640625 0.05712890625 0.024739583333333332
17 0.51171875 0.509765625 0.646484375 0.3658854166666667
9 0.414306640625 0.443359375 0.06201171875 0.15364583333333334
9 0.3681640625 0.3984375 0.0458984375 0.12890625
5 0.415771484375 0.3352864583333333 0.04638671875 0.07421875
7 0.515869140625 0.39453125 0.14697265625 0.06770833333333333
2 0.5341796875 0.43359375 0.1025390625 0.13020833333333334
10 0.602783203125 0.4228515625 0.11181640625 0.10872395833333333
1 0.497802734375 0.5283203125 0.27783203125 0.042317708333333336
1 0.541748046875 0.4654947916666667 0.20068359375 0.05078125
6 0.330322265625 0.431640625 0.05712890625 0.024739583333333332
17 0.51171875 0.509765625 0.646484375 0.3658854166666667
