3 0.58837890625 0.5257161458333334 0.2939453125 0.21028645833333334
9 0.465087890625 0.4544270833333333 0.06103515625 0.14973958333333334
8 0.30908203125 0.5078125 0.2509765625 0.17708333333333334
6 0.362548828125 0.5751953125 0.05419921875 0.08528645833333333
7 0.271240234375 0.3388671875 0.08251953125 0.17903645833333334
10 0.336181640625 0.3434244791666667 0.05615234375 0.16471354166666666
1 0.5283203125 0.4485677083333333 0.0595703125 0.07421875
2 0.443115234375 0.4111328125 0.06689453125 0.11783854166666667
17 0.39892578125 0.509765625 0.732421875 0.5065104166666666
3 0.58837890625 0.5257161458333334 0.2939453125 0.21028645833333334
9 0.465087890625 0.4544270833333333 0.06103515625 0.14973958333333334
8 0.30908203125 0.5078125 0.2509765625 0.17708333333333334
6 0.362548828125 0.5751953125 0.05419921875 0.08528645833333333
7 0.271240234375 0.3388671875 0.08251953125 0.17903645833333334
10 0.336181640625 0.3434244791666667 0.05615234375 0.16471354166666666
1 0.5283203125 0.4485677083333333 0.0595703125 0.07421875
2 0.443115234375 0.4111328125 0.06689453125 0.11783854166666667
17 0.39892578125 0.509765625 0.732421875 0.5065104166666666
3 0.58837890625 0.5257161458333334 0.2939453125 0.21028645833333334
9 0.465087890625 0.4544270833333333 0.06103515625 0.14973958333333334
8 0.30908203125 0.5078125 0.2509765625 0.17708333333333334
6 0.362548828125 0.5751953125 0.05419921875 0.08528645833333333
7 0.271240234375 0.3388671875 0.08251953125 0.17903645833333334
10 0.336181640625 0.3434244791666667 0.05615234375 0.16471354166666666
1 0.5283203125 0.4485677083333333 0.0595703125 0.07421875
2 0.443115234375 0.4111328125 0.06689453125 0.11783854166666667
17 0.39892578125 0.509765625 0.732421875 0.5065104166666666
3 0.58837890625 0.5257161458333334 0.2939453125 0.21028645833333334
9 0.465087890625 0.4544270833333333 0.06103515625 0.14973958333333334
8 0.30908203125 0.5078125 0.2509765625 0.17708333333333334
6 0.362548828125 0.5751953125 0.05419921875 0.08528645833333333
7 0.271240234375 0.3388671875 0.08251953125 0.17903645833333334
10 0.336181640625 0.3434244791666667 0.05615234375 0.16471354166666666
1 0.5283203125 0.4485677083333333 0.0595703125 0.07421875
2 0.443115234375 0.4111328125 0.06689453125 0.11783854166666667
17 0.39892578125 0.509765625 0.732421875 0.5065104166666666
3 0.58837890625 0.5257161458333334 0.2939453125 0.21028645833333334
9 0.465087890625 0.4544270833333333 0.06103515625 0.14973958333333334
8 0.30908203125 0.5078125 0.2509765625 0.17708333333333334
6 0.362548828125 0.5751953125 0.05419921875 0.08528645833333333
7 0.271240234375 0.3388671875 0.08251953125 0.17903645833333334
10 0.336181640625 0.3434244791666667 0.05615234375 0.16471354166666666
1 0.5283203125 0.4485677083333333 0.0595703125 0.07421875
2 0.443115234375 0.4111328125 0.06689453125 0.11783854166666667
17 0.39892578125 0.509765625 0.732421875 0.5065104166666666
