11 0.40380859375 0.4381510416666667 0.052734375 0.11067708333333333
0 0.298828125 0.4495442708333333 0.1142578125 0.051432291666666664
0 0.322021484375 0.4365234375 0.03564453125 0.052734375
6 0.456787109375 0.443359375 0.05810546875 0.03515625
6 0.552978515625 0.4326171875 0.13134765625 0.030598958333333332
12 0.5419921875 0.3440755208333333 0.052734375 0.2584635416666667
10 0.425537109375 0.326171875 0.05322265625 0.20833333333333334
7 0.387939453125 0.33984375 0.03955078125 0.09244791666666667
9 0.50439453125 0.3671875 0.0263671875 0.11067708333333333
17 0.4140625 0.4661458333333333 0.5517578125 0.3098958333333333
11 0.40380859375 0.4381510416666667 0.052734375 0.11067708333333333
0 0.298828125 0.4495442708333333 0.1142578125 0.051432291666666664
0 0.322021484375 0.4365234375 0.03564453125 0.052734375
6 0.456787109375 0.443359375 0.05810546875 0.03515625
6 0.552978515625 0.4326171875 0.13134765625 0.030598958333333332
12 0.5419921875 0.3440755208333333 0.052734375 0.2584635416666667
10 0.425537109375 0.326171875 0.05322265625 0.20833333333333334
7 0.387939453125 0.33984375 0.03955078125 0.09244791666666667
9 0.50439453125 0.3671875 0.0263671875 0.11067708333333333
17 0.4140625 0.4661458333333333 0.5517578125 0.3098958333333333
11 0.40380859375 0.4381510416666667 0.052734375 0.11067708333333333
0 0.298828125 0.4495442708333333 0.1142578125 0.051432291666666664
0 0.322021484375 0.4365234375 0.03564453125 0.052734375
6 0.456787109375 0.443359375 0.05810546875 0.03515625
6 0.552978515625 0.4326171875 0.13134765625 0.030598958333333332
12 0.5419921875 0.3440755208333333 0.052734375 0.2584635416666667
10 0.425537109375 0.326171875 0.05322265625 0.20833333333333334
7 0.387939453125 0.33984375 0.03955078125 0.09244791666666667
9 0.50439453125 0.3671875 0.0263671875 0.11067708333333333
17 0.4140625 0.4661458333333333 0.5517578125 0.3098958333333333
11 0.40380859375 0.4381510416666667 0.052734375 0.11067708333333333
0 0.298828125 0.4495442708333333 0.1142578125 0.051432291666666664
0 0.322021484375 0.4365234375 0.03564453125 0.052734375
6 0.456787109375 0.443359375 0.05810546875 0.03515625
6 0.552978515625 0.4326171875 0.13134765625 0.030598958333333332
12 0.5419921875 0.3440755208333333 0.052734375 0.2584635416666667
10 0.425537109375 0.326171875 0.05322265625 0.20833333333333334
7 0.387939453125 0.33984375 0.03955078125 0.09244791666666667
9 0.50439453125 0.3671875 0.0263671875 0.11067708333333333
17 0.4140625 0.4661458333333333 0.5517578125 0.3098958333333333
11 0.40380859375 0.4381510416666667 0.052734375 0.11067708333333333
0 0.298828125 0.4495442708333333 0.1142578125 0.051432291666666664
0 0.322021484375 0.4365234375 0.03564453125 0.052734375
6 0.456787109375 0.443359375 0.05810546875 0.03515625
6 0.552978515625 0.4326171875 0.13134765625 0.030598958333333332
12 0.5419921875 0.3440755208333333 0.052734375 0.2584635416666667
10 0.425537109375 0.326171875 0.05322265625 0.20833333333333334
7 0.387939453125 0.33984375 0.03955078125 0.09244791666666667
9 0.50439453125 0.3671875 0.0263671875 0.11067708333333333
17 0.4140625 0.4661458333333333 0.5517578125 0.3098958333333333
11 0.40380859375 0.4381510416666667 0.052734375 0.11067708333333333
0 0.298828125 0.4495442708333333 0.1142578125 0.051432291666666664
0 0.322021484375 0.4365234375 0.03564453125 0.052734375
6 0.456787109375 0.443359375 0.05810546875 0.03515625
6 0.552978515625 0.4326171875 0.13134765625 0.030598958333333332
12 0.5419921875 0.3440755208333333 0.052734375 0.2584635416666667
10 0.425537109375 0.326171875 0.05322265625 0.20833333333333334
7 0.387939453125 0.33984375 0.03955078125 0.09244791666666667
9 0.50439453125 0.3671875 0.0263671875 0.11067708333333333
17 0.4140625 0.4661458333333333 0.5517578125 0.3098958333333333
11 0.40380859375 0.4381510416666667 0.052734375 0.11067708333333333
0 0.298828125 0.4495442708333333 0.1142578125 0.051432291666666664
0 0.322021484375 0.4365234375 0.03564453125 0.052734375
6 0.456787109375 0.443359375 0.05810546875 0.03515625
6 0.552978515625 0.4326171875 0.13134765625 0.030598958333333332
12 0.5419921875 0.3440755208333333 0.052734375 0.2584635416666667
10 0.425537109375 0.326171875 0.05322265625 0.20833333333333334
7 0.387939453125 0.33984375 0.03955078125 0.09244791666666667
9 0.50439453125 0.3671875 0.0263671875 0.11067708333333333
17 0.4140625 0.4661458333333333 0.5517578125 0.3098958333333333
11 0.40380859375 0.4381510416666667 0.052734375 0.11067708333333333
0 0.298828125 0.4495442708333333 0.1142578125 0.051432291666666664
0 0.322021484375 0.4365234375 0.03564453125 0.052734375
6 0.456787109375 0.443359375 0.05810546875 0.03515625
6 0.552978515625 0.4326171875 0.13134765625 0.030598958333333332
12 0.5419921875 0.3440755208333333 0.052734375 0.2584635416666667
10 0.425537109375 0.326171875 0.05322265625 0.20833333333333334
7 0.387939453125 0.33984375 0.03955078125 0.09244791666666667
9 0.50439453125 0.3671875 0.0263671875 0.11067708333333333
17 0.4140625 0.4661458333333333 0.5517578125 0.3098958333333333
11 0.40380859375 0.4381510416666667 0.052734375 0.11067708333333333
0 0.298828125 0.4495442708333333 0.1142578125 0.051432291666666664
0 0.322021484375 0.4365234375 0.03564453125 0.052734375
6 0.456787109375 0.443359375 0.05810546875 0.03515625
6 0.552978515625 0.4326171875 0.13134765625 0.030598958333333332
12 0.5419921875 0.3440755208333333 0.052734375 0.2584635416666667
10 0.425537109375 0.326171875 0.05322265625 0.20833333333333334
7 0.387939453125 0.33984375 0.03955078125 0.09244791666666667
9 0.50439453125 0.3671875 0.0263671875 0.11067708333333333
17 0.4140625 0.4661458333333333 0.5517578125 0.3098958333333333
11 0.40380859375 0.4381510416666667 0.052734375 0.11067708333333333
0 0.298828125 0.4495442708333333 0.1142578125 0.051432291666666664
0 0.322021484375 0.4365234375 0.03564453125 0.052734375
6 0.456787109375 0.443359375 0.05810546875 0.03515625
6 0.552978515625 0.4326171875 0.13134765625 0.030598958333333332
12 0.5419921875 0.3440755208333333 0.052734375 0.2584635416666667
10 0.425537109375 0.326171875 0.05322265625 0.20833333333333334
7 0.387939453125 0.33984375 0.03955078125 0.09244791666666667
9 0.50439453125 0.3671875 0.0263671875 0.11067708333333333
17 0.4140625 0.4661458333333333 0.5517578125 0.3098958333333333
11 0.40380859375 0.4381510416666667 0.052734375 0.11067708333333333
0 0.298828125 0.4495442708333333 0.1142578125 0.051432291666666664
0 0.322021484375 0.4365234375 0.03564453125 0.052734375
6 0.456787109375 0.443359375 0.05810546875 0.03515625
6 0.552978515625 0.4326171875 0.13134765625 0.030598958333333332
12 0.5419921875 0.3440755208333333 0.052734375 0.2584635416666667
10 0.425537109375 0.326171875 0.05322265625 0.20833333333333334
7 0.387939453125 0.33984375 0.03955078125 0.09244791666666667
9 0.50439453125 0.3671875 0.0263671875 0.11067708333333333
17 0.4140625 0.4661458333333333 0.5517578125 0.3098958333333333
11 0.40380859375 0.4381510416666667 0.052734375 0.11067708333333333
0 0.298828125 0.4495442708333333 0.1142578125 0.051432291666666664
0 0.322021484375 0.4365234375 0.03564453125 0.052734375
6 0.456787109375 0.443359375 0.05810546875 0.03515625
6 0.552978515625 0.4326171875 0.13134765625 0.030598958333333332
12 0.5419921875 0.3440755208333333 0.052734375 0.2584635416666667
10 0.425537109375 0.326171875 0.05322265625 0.20833333333333334
7 0.387939453125 0.33984375 0.03955078125 0.09244791666666667
9 0.50439453125 0.3671875 0.0263671875 0.11067708333333333
17 0.4140625 0.4661458333333333 0.5517578125 0.3098958333333333
