11 0.35986328125 0.3447265625 0.041015625 0.08268229166666667
11 0.40478515625 0.3603515625 0.0517578125 0.034505208333333336
11 0.531494140625 0.357421875 0.07958984375 0.0390625
9 0.468505859375 0.3525390625 0.03564453125 0.052734375
7 0.4140625 0.3199869791666667 0.0703125 0.048828125
12 0.367919921875 0.2916666666666667 0.06494140625 0.11458333333333333
11 0.47998046875 0.3173828125 0.0634765625 0.035807291666666664
17 0.435302734375 0.3570963541666667 0.37451171875 0.17252604166666666
11 0.35986328125 0.3447265625 0.041015625 0.08268229166666667
11 0.40478515625 0.3603515625 0.0517578125 0.034505208333333336
11 0.531494140625 0.357421875 0.07958984375 0.0390625
9 0.468505859375 0.3525390625 0.03564453125 0.052734375
7 0.4140625 0.3199869791666667 0.0703125 0.048828125
12 0.367919921875 0.2916666666666667 0.06494140625 0.11458333333333333
11 0.47998046875 0.3173828125 0.0634765625 0.035807291666666664
17 0.435302734375 0.3570963541666667 0.37451171875 0.17252604166666666
11 0.35986328125 0.3447265625 0.041015625 0.08268229166666667
11 0.40478515625 0.3603515625 0.0517578125 0.034505208333333336
11 0.531494140625 0.357421875 0.07958984375 0.0390625
9 0.468505859375 0.3525390625 0.03564453125 0.052734375
7 0.4140625 0.3199869791666667 0.0703125 0.048828125
12 0.367919921875 0.2916666666666667 0.06494140625 0.11458333333333333
11 0.47998046875 0.3173828125 0.0634765625 0.035807291666666664
17 0.435302734375 0.3570963541666667 0.37451171875 0.17252604166666666
11 0.35986328125 0.3447265625 0.041015625 0.08268229166666667
11 0.40478515625 0.3603515625 0.0517578125 0.034505208333333336
11 0.531494140625 0.357421875 0.07958984375 0.0390625
9 0.468505859375 0.3525390625 0.03564453125 0.052734375
7 0.4140625 0.3199869791666667 0.0703125 0.048828125
12 0.367919921875 0.2916666666666667 0.06494140625 0.11458333333333333
11 0.47998046875 0.3173828125 0.0634765625 0.035807291666666664
17 0.435302734375 0.3570963541666667 0.37451171875 0.17252604166666666
11 0.35986328125 0.3447265625 0.041015625 0.08268229166666667
11 0.40478515625 0.3603515625 0.0517578125 0.034505208333333336
11 0.531494140625 0.357421875 0.07958984375 0.0390625
9 0.468505859375 0.3525390625 0.03564453125 0.052734375
7 0.4140625 0.3199869791666667 0.0703125 0.048828125
12 0.367919921875 0.2916666666666667 0.06494140625 0.11458333333333333
11 0.47998046875 0.3173828125 0.0634765625 0.035807291666666664
17 0.435302734375 0.3570963541666667 0.37451171875 0.17252604166666666
