7 0.328125 0.5074869791666666 0.21875 0.11653645833333333
8 0.504638671875 0.4814453125 0.20458984375 0.154296875
10 0.367919921875 0.4332682291666667 0.06201171875 0.072265625
2 0.35888671875 0.396484375 0.09765625 0.08463541666666667
9 0.455078125 0.3922526041666667 0.0595703125 0.054036458333333336
1 0.35888671875 0.380859375 0.1015625 0.09114583333333333
3 0.514892578125 0.4166666666666667 0.24560546875 0.10286458333333333
17 0.4248046875 0.5387369791666666 0.6337890625 0.4134114583333333
7 0.328125 0.5074869791666666 0.21875 0.11653645833333333
8 0.504638671875 0.4814453125 0.20458984375 0.154296875
10 0.367919921875 0.4332682291666667 0.06201171875 0.072265625
2 0.35888671875 0.396484375 0.09765625 0.08463541666666667
9 0.455078125 0.3922526041666667 0.0595703125 0.054036458333333336
1 0.35888671875 0.380859375 0.1015625 0.09114583333333333
3 0.514892578125 0.4166666666666667 0.24560546875 0.10286458333333333
17 0.4248046875 0.5387369791666666 0.6337890625 0.4134114583333333
7 0.328125 0.5074869791666666 0.21875 0.11653645833333333
8 0.504638671875 0.4814453125 0.20458984375 0.154296875
10 0.367919921875 0.4332682291666667 0.06201171875 0.072265625
2 0.35888671875 0.396484375 0.09765625 0.08463541666666667
9 0.455078125 0.3922526041666667 0.0595703125 0.054036458333333336
1 0.35888671875 0.380859375 0.1015625 0.09114583333333333
3 0.514892578125 0.4166666666666667 0.24560546875 0.10286458333333333
17 0.4248046875 0.5387369791666666 0.6337890625 0.4134114583333333
7 0.328125 0.5074869791666666 0.21875 0.11653645833333333
8 0.504638671875 0.4814453125 0.20458984375 0.154296875
10 0.367919921875 0.4332682291666667 0.06201171875 0.072265625
2 0.35888671875 0.396484375 0.09765625 0.08463541666666667
9 0.455078125 0.3922526041666667 0.0595703125 0.054036458333333336
1 0.35888671875 0.380859375 0.1015625 0.09114583333333333
3 0.514892578125 0.4166666666666667 0.24560546875 0.10286458333333333
17 0.4248046875 0.5387369791666666 0.6337890625 0.4134114583333333
7 0.328125 0.5074869791666666 0.21875 0.11653645833333333
8 0.504638671875 0.4814453125 0.20458984375 0.154296875
10 0.367919921875 0.4332682291666667 0.06201171875 0.072265625
2 0.35888671875 0.396484375 0.09765625 0.08463541666666667
9 0.455078125 0.3922526041666667 0.0595703125 0.054036458333333336
1 0.35888671875 0.380859375 0.1015625 0.09114583333333333
3 0.514892578125 0.4166666666666667 0.24560546875 0.10286458333333333
17 0.4248046875 0.5387369791666666 0.6337890625 0.4134114583333333
