11 0.3447265625 0.3447265625 0.0458984375 0.080078125
11 0.380859375 0.3590494791666667 0.0390625 0.06575520833333333
10 0.446533203125 0.345703125 0.10595703125 0.059895833333333336
11 0.467529296875 0.24283854166666666 0.04736328125 0.045572916666666664
11 0.468017578125 0.2877604166666667 0.03955078125 0.059895833333333336
9 0.4189453125 0.2994791666666667 0.0400390625 0.0546875
0 0.4296875 0.23893229166666666 0.08203125 0.049479166666666664
17 0.410400390625 0.3655598958333333 0.39599609375 0.232421875
11 0.3447265625 0.3447265625 0.0458984375 0.080078125
11 0.380859375 0.3590494791666667 0.0390625 0.06575520833333333
10 0.446533203125 0.345703125 0.10595703125 0.059895833333333336
11 0.467529296875 0.24283854166666666 0.04736328125 0.045572916666666664
11 0.468017578125 0.2877604166666667 0.03955078125 0.059895833333333336
9 0.4189453125 0.2994791666666667 0.0400390625 0.0546875
0 0.4296875 0.23893229166666666 0.08203125 0.049479166666666664
17 0.410400390625 0.3655598958333333 0.39599609375 0.232421875
11 0.3447265625 0.3447265625 0.0458984375 0.080078125
11 0.380859375 0.3590494791666667 0.0390625 0.06575520833333333
10 0.446533203125 0.345703125 0.10595703125 0.059895833333333336
11 0.467529296875 0.24283854166666666 0.04736328125 0.045572916666666664
11 0.468017578125 0.2877604166666667 0.03955078125 0.059895833333333336
9 0.4189453125 0.2994791666666667 0.0400390625 0.0546875
0 0.4296875 0.23893229166666666 0.08203125 0.049479166666666664
17 0.410400390625 0.3655598958333333 0.39599609375 0.232421875
11 0.3447265625 0.3447265625 0.0458984375 0.080078125
11 0.380859375 0.3590494791666667 0.0390625 0.06575520833333333
10 0.446533203125 0.345703125 0.10595703125 0.059895833333333336
11 0.467529296875 0.24283854166666666 0.04736328125 0.045572916666666664
11 0.468017578125 0.2877604166666667 0.03955078125 0.059895833333333336
9 0.4189453125 0.2994791666666667 0.0400390625 0.0546875
0 0.4296875 0.23893229166666666 0.08203125 0.049479166666666664
17 0.410400390625 0.3655598958333333 0.39599609375 0.232421875
11 0.3447265625 0.3447265625 0.0458984375 0.080078125
11 0.380859375 0.3590494791666667 0.0390625 0.06575520833333333
10 0.446533203125 0.345703125 0.10595703125 0.059895833333333336
11 0.467529296875 0.24283854166666666 0.04736328125 0.045572916666666664
11 0.468017578125 0.2877604166666667 0.03955078125 0.059895833333333336
9 0.4189453125 0.2994791666666667 0.0400390625 0.0546875
0 0.4296875 0.23893229166666666 0.08203125 0.049479166666666664
17 0.410400390625 0.3655598958333333 0.39599609375 0.232421875
