3 0.23291015625 0.3811848958333333 0.12890625 0.06575520833333333
0 0.223388671875 0.3899739583333333 0.09619140625 0.029947916666666668
7 0.359619140625 0.2962239583333333 0.04638671875 0.18098958333333334
7 0.393310546875 0.3600260416666667 0.06689453125 0.06770833333333333
7 0.422119140625 0.3414713541666667 0.07568359375 0.061848958333333336
10 0.3046875 0.3479817708333333 0.087890625 0.08138020833333333
17 0.32958984375 0.3805338541666667 0.4619140625 0.22721354166666666
3 0.23291015625 0.3811848958333333 0.12890625 0.06575520833333333
0 0.223388671875 0.3899739583333333 0.09619140625 0.029947916666666668
7 0.359619140625 0.2962239583333333 0.04638671875 0.18098958333333334
7 0.393310546875 0.3600260416666667 0.06689453125 0.06770833333333333
7 0.422119140625 0.3414713541666667 0.07568359375 0.061848958333333336
10 0.3046875 0.3479817708333333 0.087890625 0.08138020833333333
17 0.32958984375 0.3805338541666667 0.4619140625 0.22721354166666666
3 0.23291015625 0.3811848958333333 0.12890625 0.06575520833333333
0 0.223388671875 0.3899739583333333 0.09619140625 0.029947916666666668
7 0.359619140625 0.2962239583333333 0.04638671875 0.18098958333333334
7 0.393310546875 0.3600260416666667 0.06689453125 0.06770833333333333
7 0.422119140625 0.3414713541666667 0.07568359375 0.061848958333333336
10 0.3046875 0.3479817708333333 0.087890625 0.08138020833333333
17 0.32958984375 0.3805338541666667 0.4619140625 0.22721354166666666
3 0.23291015625 0.3811848958333333 0.12890625 0.06575520833333333
0 0.223388671875 0.3899739583333333 0.09619140625 0.029947916666666668
7 0.359619140625 0.2962239583333333 0.04638671875 0.18098958333333334
7 0.393310546875 0.3600260416666667 0.06689453125 0.06770833333333333
7 0.422119140625 0.3414713541666667 0.07568359375 0.061848958333333336
10 0.3046875 0.3479817708333333 0.087890625 0.08138020833333333
17 0.32958984375 0.3805338541666667 0.4619140625 0.22721354166666666
3 0.23291015625 0.3811848958333333 0.12890625 0.06575520833333333
0 0.223388671875 0.3899739583333333 0.09619140625 0.029947916666666668
7 0.359619140625 0.2962239583333333 0.04638671875 0.18098958333333334
7 0.393310546875 0.3600260416666667 0.06689453125 0.06770833333333333
7 0.422119140625 0.3414713541666667 0.07568359375 0.061848958333333336
10 0.3046875 0.3479817708333333 0.087890625 0.08138020833333333
17 0.32958984375 0.3805338541666667 0.4619140625 0.22721354166666666
