11 0.386962890625 0.3492838541666667 0.07080078125 0.07747395833333333
8 0.466552734375 0.3671875 0.16650390625 0.14583333333333334
10 0.544921875 0.3665364583333333 0.1015625 0.05859375
2 0.40966796875 0.404296875 0.09765625 0.07552083333333333
17 0.48828125 0.4182942708333333 0.443359375 0.228515625
11 0.386962890625 0.3492838541666667 0.07080078125 0.07747395833333333
8 0.466552734375 0.3671875 0.16650390625 0.14583333333333334
10 0.544921875 0.3665364583333333 0.1015625 0.05859375
2 0.40966796875 0.404296875 0.09765625 0.07552083333333333
17 0.48828125 0.4182942708333333 0.443359375 0.228515625
11 0.386962890625 0.3492838541666667 0.07080078125 0.07747395833333333
8 0.466552734375 0.3671875 0.16650390625 0.14583333333333334
10 0.544921875 0.3665364583333333 0.1015625 0.05859375
2 0.40966796875 0.404296875 0.09765625 0.07552083333333333
17 0.48828125 0.4182942708333333 0.443359375 0.228515625
11 0.386962890625 0.3492838541666667 0.07080078125 0.07747395833333333
8 0.466552734375 0.3671875 0.16650390625 0.14583333333333334
10 0.544921875 0.3665364583333333 0.1015625 0.05859375
2 0.40966796875 0.404296875 0.09765625 0.07552083333333333
17 0.48828125 0.4182942708333333 0.443359375 0.228515625
11 0.386962890625 0.3492838541666667 0.07080078125 0.07747395833333333
8 0.466552734375 0.3671875 0.16650390625 0.14583333333333334
10 0.544921875 0.3665364583333333 0.1015625 0.05859375
2 0.40966796875 0.404296875 0.09765625 0.07552083333333333
17 0.48828125 0.4182942708333333 0.443359375 0.228515625
11 0.386962890625 0.3492838541666667 0.07080078125 0.07747395833333333
8 0.466552734375 0.3671875 0.16650390625 0.14583333333333334
10 0.544921875 0.3665364583333333 0.1015625 0.05859375
2 0.40966796875 0.404296875 0.09765625 0.07552083333333333
17 0.48828125 0.4182942708333333 0.443359375 0.228515625
11 0.386962890625 0.3492838541666667 0.07080078125 0.07747395833333333
8 0.466552734375 0.3671875 0.16650390625 0.14583333333333334
10 0.544921875 0.3665364583333333 0.1015625 0.05859375
2 0.40966796875 0.404296875 0.09765625 0.07552083333333333
17 0.48828125 0.4182942708333333 0.443359375 0.228515625
11 0.386962890625 0.3492838541666667 0.07080078125 0.07747395833333333
8 0.466552734375 0.3671875 0.16650390625 0.14583333333333334
10 0.544921875 0.3665364583333333 0.1015625 0.05859375
2 0.40966796875 0.404296875 0.09765625 0.07552083333333333
17 0.48828125 0.4182942708333333 0.443359375 0.228515625
11 0.386962890625 0.3492838541666667 0.07080078125 0.07747395833333333
8 0.466552734375 0.3671875 0.16650390625 0.14583333333333334
10 0.544921875 0.3665364583333333 0.1015625 0.05859375
2 0.40966796875 0.404296875 0.09765625 0.07552083333333333
17 0.48828125 0.4182942708333333 0.443359375 0.228515625
11 0.386962890625 0.3492838541666667 0.07080078125 0.07747395833333333
8 0.466552734375 0.3671875 0.16650390625 0.14583333333333334
10 0.544921875 0.3665364583333333 0.1015625 0.05859375
2 0.40966796875 0.404296875 0.09765625 0.07552083333333333
17 0.48828125 0.4182942708333333 0.443359375 0.228515625
11 0.386962890625 0.3492838541666667 0.07080078125 0.07747395833333333
8 0.466552734375 0.3671875 0.16650390625 0.14583333333333334
10 0.544921875 0.3665364583333333 0.1015625 0.05859375
2 0.40966796875 0.404296875 0.09765625 0.07552083333333333
17 0.48828125 0.4182942708333333 0.443359375 0.228515625
11 0.386962890625 0.3492838541666667 0.07080078125 0.07747395833333333
8 0.466552734375 0.3671875 0.16650390625 0.14583333333333334
10 0.544921875 0.3665364583333333 0.1015625 0.05859375
2 0.40966796875 0.404296875 0.09765625 0.07552083333333333
17 0.48828125 0.4182942708333333 0.443359375 0.228515625
