2 0.47216796875 0.4440104166666667 0.1044921875 0.140625
9 0.611328125 0.40625 0.060546875 0.13411458333333334
10 0.524169921875 0.3629557291666667 0.06005859375 0.19466145833333334
7 0.4296875 0.3248697916666667 0.05859375 0.20703125
8 0.3720703125 0.3981119791666667 0.125 0.10221354166666667
9 0.345458984375 0.4375 0.06396484375 0.1484375
6 0.28564453125 0.4358723958333333 0.0693359375 0.024088541666666668
0 0.358642578125 0.4625651041666667 0.11962890625 0.029296875
1 0.467529296875 0.5390625 0.30224609375 0.041666666666666664
3 0.3173828125 0.5348307291666666 0.38671875 0.169921875
17 0.4619140625 0.4837239583333333 0.6123046875 0.4153645833333333
2 0.47216796875 0.4440104166666667 0.1044921875 0.140625
9 0.611328125 0.40625 0.060546875 0.13411458333333334
10 0.524169921875 0.3629557291666667 0.06005859375 0.19466145833333334
7 0.4296875 0.3248697916666667 0.05859375 0.20703125
8 0.3720703125 0.3981119791666667 0.125 0.10221354166666667
9 0.345458984375 0.4375 0.06396484375 0.1484375
6 0.28564453125 0.4358723958333333 0.0693359375 0.024088541666666668
0 0.358642578125 0.4625651041666667 0.11962890625 0.029296875
1 0.467529296875 0.5390625 0.30224609375 0.041666666666666664
3 0.3173828125 0.5348307291666666 0.38671875 0.169921875
17 0.4619140625 0.4837239583333333 0.6123046875 0.4153645833333333
2 0.47216796875 0.4440104166666667 0.1044921875 0.140625
9 0.611328125 0.40625 0.060546875 0.13411458333333334
10 0.524169921875 0.3629557291666667 0.06005859375 0.19466145833333334
7 0.4296875 0.3248697916666667 0.05859375 0.20703125
8 0.3720703125 0.3981119791666667 0.125 0.10221354166666667
9 0.345458984375 0.4375 0.06396484375 0.1484375
6 0.28564453125 0.4358723958333333 0.0693359375 0.024088541666666668
0 0.358642578125 0.4625651041666667 0.11962890625 0.029296875
1 0.467529296875 0.5390625 0.30224609375 0.041666666666666664
3 0.3173828125 0.5348307291666666 0.38671875 0.169921875
17 0.4619140625 0.4837239583333333 0.6123046875 0.4153645833333333
2 0.47216796875 0.4440104166666667 0.1044921875 0.140625
9 0.611328125 0.40625 0.060546875 0.13411458333333334
10 0.524169921875 0.3629557291666667 0.06005859375 0.19466145833333334
7 0.4296875 0.3248697916666667 0.05859375 0.20703125
8 0.3720703125 0.3981119791666667 0.125 0.10221354166666667
9 0.345458984375 0.4375 0.06396484375 0.1484375
6 0.28564453125 0.4358723958333333 0.0693359375 0.024088541666666668
0 0.358642578125 0.4625651041666667 0.11962890625 0.029296875
1 0.467529296875 0.5390625 0.30224609375 0.041666666666666664
3 0.3173828125 0.5348307291666666 0.38671875 0.169921875
17 0.4619140625 0.4837239583333333 0.6123046875 0.4153645833333333
2 0.47216796875 0.4440104166666667 0.1044921875 0.140625
9 0.611328125 0.40625 0.060546875 0.13411458333333334
10 0.524169921875 0.3629557291666667 0.06005859375 0.19466145833333334
7 0.4296875 0.3248697916666667 0.05859375 0.20703125
8 0.3720703125 0.3981119791666667 0.125 0.10221354166666667
9 0.345458984375 0.4375 0.06396484375 0.1484375
6 0.28564453125 0.4358723958333333 0.0693359375 0.024088541666666668
0 0.358642578125 0.4625651041666667 0.11962890625 0.029296875
1 0.467529296875 0.5390625 0.30224609375 0.041666666666666664
3 0.3173828125 0.5348307291666666 0.38671875 0.169921875
17 0.4619140625 0.4837239583333333 0.6123046875 0.4153645833333333
