10 0.439208984375 0.9222005208333334 0.04736328125 0.15559895833333334
10 0.439208984375 0.9222005208333334 0.04736328125 0.15559895833333334
7 0.42724609375 0.8948567708333334 0.044921875 0.18033854166666666
1 0.550048828125 0.9114583333333334 0.11669921875 0.09895833333333333
1 0.4990234375 0.9547526041666666 0.052734375 0.09049479166666667
0 0.529052734375 0.9332682291666666 0.05810546875 0.056640625
6 0.563232421875 0.9573567708333334 0.06005859375 0.08528645833333333
9 0.37451171875 0.8893229166666666 0.0380859375 0.10807291666666667
3 0.32763671875 0.9446614583333334 0.1044921875 0.11067708333333333
10 0.439208984375 0.9222005208333334 0.04736328125 0.15559895833333334
7 0.42724609375 0.8948567708333334 0.044921875 0.18033854166666666
1 0.550048828125 0.9114583333333334 0.11669921875 0.09895833333333333
1 0.4990234375 0.9547526041666666 0.052734375 0.09049479166666667
0 0.529052734375 0.9332682291666666 0.05810546875 0.056640625
6 0.563232421875 0.9573567708333334 0.06005859375 0.08528645833333333
9 0.37451171875 0.8893229166666666 0.0380859375 0.10807291666666667
3 0.32763671875 0.9446614583333334 0.1044921875 0.11067708333333333
10 0.439208984375 0.9222005208333334 0.04736328125 0.15559895833333334
7 0.42724609375 0.8948567708333334 0.044921875 0.18033854166666666
1 0.550048828125 0.9114583333333334 0.11669921875 0.09895833333333333
1 0.4990234375 0.9547526041666666 0.052734375 0.09049479166666667
0 0.529052734375 0.9332682291666666 0.05810546875 0.056640625
6 0.563232421875 0.9573567708333334 0.06005859375 0.08528645833333333
9 0.37451171875 0.8893229166666666 0.0380859375 0.10807291666666667
3 0.32763671875 0.9446614583333334 0.1044921875 0.11067708333333333
10 0.439208984375 0.9222005208333334 0.04736328125 0.15559895833333334
7 0.42724609375 0.8948567708333334 0.044921875 0.18033854166666666
1 0.550048828125 0.9114583333333334 0.11669921875 0.09895833333333333
1 0.4990234375 0.9547526041666666 0.052734375 0.09049479166666667
0 0.529052734375 0.9332682291666666 0.05810546875 0.056640625
6 0.563232421875 0.9573567708333334 0.06005859375 0.08528645833333333
9 0.37451171875 0.8893229166666666 0.0380859375 0.10807291666666667
3 0.32763671875 0.9446614583333334 0.1044921875 0.11067708333333333
10 0.439208984375 0.9222005208333334 0.04736328125 0.15559895833333334
7 0.42724609375 0.8948567708333334 0.044921875 0.18033854166666666
1 0.550048828125 0.9114583333333334 0.11669921875 0.09895833333333333
1 0.4990234375 0.9547526041666666 0.052734375 0.09049479166666667
0 0.529052734375 0.9332682291666666 0.05810546875 0.056640625
6 0.563232421875 0.9573567708333334 0.06005859375 0.08528645833333333
9 0.37451171875 0.8893229166666666 0.0380859375 0.10807291666666667
3 0.32763671875 0.9446614583333334 0.1044921875 0.11067708333333333
10 0.439208984375 0.9222005208333334 0.04736328125 0.15559895833333334
7 0.42724609375 0.8948567708333334 0.044921875 0.18033854166666666
1 0.550048828125 0.9114583333333334 0.11669921875 0.09895833333333333
1 0.4990234375 0.9547526041666666 0.052734375 0.09049479166666667
0 0.529052734375 0.9332682291666666 0.05810546875 0.056640625
6 0.563232421875 0.9573567708333334 0.06005859375 0.08528645833333333
9 0.37451171875 0.8893229166666666 0.0380859375 0.10807291666666667
3 0.32763671875 0.9446614583333334 0.1044921875 0.11067708333333333
10 0.439208984375 0.9222005208333334 0.04736328125 0.15559895833333334
7 0.42724609375 0.8948567708333334 0.044921875 0.18033854166666666
1 0.550048828125 0.9114583333333334 0.11669921875 0.09895833333333333
1 0.4990234375 0.9547526041666666 0.052734375 0.09049479166666667
0 0.529052734375 0.9332682291666666 0.05810546875 0.056640625
6 0.563232421875 0.9573567708333334 0.06005859375 0.08528645833333333
9 0.37451171875 0.8893229166666666 0.0380859375 0.10807291666666667
3 0.32763671875 0.9446614583333334 0.1044921875 0.11067708333333333
10 0.439208984375 0.9222005208333334 0.04736328125 0.15559895833333334
7 0.42724609375 0.8948567708333334 0.044921875 0.18033854166666666
1 0.550048828125 0.9114583333333334 0.11669921875 0.09895833333333333
1 0.4990234375 0.9547526041666666 0.052734375 0.09049479166666667
0 0.529052734375 0.9332682291666666 0.05810546875 0.056640625
6 0.563232421875 0.9573567708333334 0.06005859375 0.08528645833333333
9 0.37451171875 0.8893229166666666 0.0380859375 0.10807291666666667
3 0.32763671875 0.9446614583333334 0.1044921875 0.11067708333333333
10 0.439208984375 0.9222005208333334 0.04736328125 0.15559895833333334
7 0.42724609375 0.8948567708333334 0.044921875 0.18033854166666666
1 0.550048828125 0.9114583333333334 0.11669921875 0.09895833333333333
1 0.4990234375 0.9547526041666666 0.052734375 0.09049479166666667
0 0.529052734375 0.9332682291666666 0.05810546875 0.056640625
6 0.563232421875 0.9573567708333334 0.06005859375 0.08528645833333333
9 0.37451171875 0.8893229166666666 0.0380859375 0.10807291666666667
3 0.32763671875 0.9446614583333334 0.1044921875 0.11067708333333333
10 0.439208984375 0.9222005208333334 0.04736328125 0.15559895833333334
7 0.42724609375 0.8948567708333334 0.044921875 0.18033854166666666
1 0.550048828125 0.9114583333333334 0.11669921875 0.09895833333333333
1 0.4990234375 0.9547526041666666 0.052734375 0.09049479166666667
0 0.529052734375 0.9332682291666666 0.05810546875 0.056640625
6 0.563232421875 0.9573567708333334 0.06005859375 0.08528645833333333
9 0.37451171875 0.8893229166666666 0.0380859375 0.10807291666666667
3 0.32763671875 0.9446614583333334 0.1044921875 0.11067708333333333
10 0.439208984375 0.9222005208333334 0.04736328125 0.15559895833333334
7 0.42724609375 0.8948567708333334 0.044921875 0.18033854166666666
1 0.550048828125 0.9114583333333334 0.11669921875 0.09895833333333333
1 0.4990234375 0.9547526041666666 0.052734375 0.09049479166666667
0 0.529052734375 0.9332682291666666 0.05810546875 0.056640625
6 0.563232421875 0.9573567708333334 0.06005859375 0.08528645833333333
9 0.37451171875 0.8893229166666666 0.0380859375 0.10807291666666667
3 0.32763671875 0.9446614583333334 0.1044921875 0.11067708333333333
10 0.439208984375 0.9222005208333334 0.04736328125 0.15559895833333334
7 0.42724609375 0.8948567708333334 0.044921875 0.18033854166666666
1 0.550048828125 0.9114583333333334 0.11669921875 0.09895833333333333
1 0.4990234375 0.9547526041666666 0.052734375 0.09049479166666667
0 0.529052734375 0.9332682291666666 0.05810546875 0.056640625
6 0.563232421875 0.9573567708333334 0.06005859375 0.08528645833333333
9 0.37451171875 0.8893229166666666 0.0380859375 0.10807291666666667
3 0.32763671875 0.9446614583333334 0.1044921875 0.11067708333333333
