7 0.419921875 0.3938802083333333 0.09375 0.07291666666666667
2 0.58642578125 0.4143880208333333 0.0927734375 0.083984375
0 0.510009765625 0.4055989583333333 0.07177734375 0.037760416666666664
12 0.55712890625 0.3466796875 0.1181640625 0.047526041666666664
8 0.50537109375 0.3264973958333333 0.115234375 0.09830729166666667
17 0.502685546875 0.412109375 0.46728515625 0.20572916666666666
7 0.419921875 0.3938802083333333 0.09375 0.07291666666666667
2 0.58642578125 0.4143880208333333 0.0927734375 0.083984375
0 0.510009765625 0.4055989583333333 0.07177734375 0.037760416666666664
12 0.55712890625 0.3466796875 0.1181640625 0.047526041666666664
8 0.50537109375 0.3264973958333333 0.115234375 0.09830729166666667
17 0.502685546875 0.412109375 0.46728515625 0.20572916666666666
7 0.419921875 0.3938802083333333 0.09375 0.07291666666666667
2 0.58642578125 0.4143880208333333 0.0927734375 0.083984375
0 0.510009765625 0.4055989583333333 0.07177734375 0.037760416666666664
12 0.55712890625 0.3466796875 0.1181640625 0.047526041666666664
8 0.50537109375 0.3264973958333333 0.115234375 0.09830729166666667
17 0.502685546875 0.412109375 0.46728515625 0.20572916666666666
7 0.419921875 0.3938802083333333 0.09375 0.07291666666666667
2 0.58642578125 0.4143880208333333 0.0927734375 0.083984375
0 0.510009765625 0.4055989583333333 0.07177734375 0.037760416666666664
12 0.55712890625 0.3466796875 0.1181640625 0.047526041666666664
8 0.50537109375 0.3264973958333333 0.115234375 0.09830729166666667
17 0.502685546875 0.412109375 0.46728515625 0.20572916666666666
7 0.419921875 0.3938802083333333 0.09375 0.07291666666666667
2 0.58642578125 0.4143880208333333 0.0927734375 0.083984375
0 0.510009765625 0.4055989583333333 0.07177734375 0.037760416666666664
12 0.55712890625 0.3466796875 0.1181640625 0.047526041666666664
8 0.50537109375 0.3264973958333333 0.115234375 0.09830729166666667
17 0.502685546875 0.412109375 0.46728515625 0.20572916666666666
7 0.419921875 0.3938802083333333 0.09375 0.07291666666666667
2 0.58642578125 0.4143880208333333 0.0927734375 0.083984375
0 0.510009765625 0.4055989583333333 0.07177734375 0.037760416666666664
12 0.55712890625 0.3466796875 0.1181640625 0.047526041666666664
8 0.50537109375 0.3264973958333333 0.115234375 0.09830729166666667
17 0.502685546875 0.412109375 0.46728515625 0.20572916666666666
7 0.419921875 0.3938802083333333 0.09375 0.07291666666666667
2 0.58642578125 0.4143880208333333 0.0927734375 0.083984375
0 0.510009765625 0.4055989583333333 0.07177734375 0.037760416666666664
12 0.55712890625 0.3466796875 0.1181640625 0.047526041666666664
8 0.50537109375 0.3264973958333333 0.115234375 0.09830729166666667
17 0.502685546875 0.412109375 0.46728515625 0.20572916666666666
7 0.419921875 0.3938802083333333 0.09375 0.07291666666666667
2 0.58642578125 0.4143880208333333 0.0927734375 0.083984375
0 0.510009765625 0.4055989583333333 0.07177734375 0.037760416666666664
12 0.55712890625 0.3466796875 0.1181640625 0.047526041666666664
8 0.50537109375 0.3264973958333333 0.115234375 0.09830729166666667
17 0.502685546875 0.412109375 0.46728515625 0.20572916666666666
7 0.419921875 0.3938802083333333 0.09375 0.07291666666666667
2 0.58642578125 0.4143880208333333 0.0927734375 0.083984375
0 0.510009765625 0.4055989583333333 0.07177734375 0.037760416666666664
12 0.55712890625 0.3466796875 0.1181640625 0.047526041666666664
8 0.50537109375 0.3264973958333333 0.115234375 0.09830729166666667
17 0.502685546875 0.412109375 0.46728515625 0.20572916666666666
7 0.419921875 0.3938802083333333 0.09375 0.07291666666666667
2 0.58642578125 0.4143880208333333 0.0927734375 0.083984375
0 0.510009765625 0.4055989583333333 0.07177734375 0.037760416666666664
12 0.55712890625 0.3466796875 0.1181640625 0.047526041666666664
8 0.50537109375 0.3264973958333333 0.115234375 0.09830729166666667
17 0.502685546875 0.412109375 0.46728515625 0.20572916666666666
7 0.419921875 0.3938802083333333 0.09375 0.07291666666666667
2 0.58642578125 0.4143880208333333 0.0927734375 0.083984375
0 0.510009765625 0.4055989583333333 0.07177734375 0.037760416666666664
12 0.55712890625 0.3466796875 0.1181640625 0.047526041666666664
8 0.50537109375 0.3264973958333333 0.115234375 0.09830729166666667
17 0.502685546875 0.412109375 0.46728515625 0.20572916666666666
7 0.419921875 0.3938802083333333 0.09375 0.07291666666666667
2 0.58642578125 0.4143880208333333 0.0927734375 0.083984375
0 0.510009765625 0.4055989583333333 0.07177734375 0.037760416666666664
12 0.55712890625 0.3466796875 0.1181640625 0.047526041666666664
8 0.50537109375 0.3264973958333333 0.115234375 0.09830729166666667
17 0.502685546875 0.412109375 0.46728515625 0.20572916666666666
