9 0.56591796875 0.45703125 0.0625 0.15494791666666666
9 0.431884765625 0.4404296875 0.06201171875 0.14778645833333334
1 0.64453125 0.5104166666666666 0.1005859375 0.13541666666666666
6 0.383544921875 0.490234375 0.06884765625 0.06640625
5 0.36669921875 0.392578125 0.0595703125 0.12760416666666666
7 0.494140625 0.3990885416666667 0.0654296875 0.10416666666666667
2 0.610595703125 0.416015625 0.07080078125 0.12890625
10 0.582275390625 0.3994140625 0.13623046875 0.072265625
17 0.521728515625 0.5087890625 0.61669921875 0.3326822916666667
9 0.56591796875 0.45703125 0.0625 0.15494791666666666
9 0.431884765625 0.4404296875 0.06201171875 0.14778645833333334
1 0.64453125 0.5104166666666666 0.1005859375 0.13541666666666666
6 0.383544921875 0.490234375 0.06884765625 0.06640625
5 0.36669921875 0.392578125 0.0595703125 0.12760416666666666
7 0.494140625 0.3990885416666667 0.0654296875 0.10416666666666667
2 0.610595703125 0.416015625 0.07080078125 0.12890625
10 0.582275390625 0.3994140625 0.13623046875 0.072265625
17 0.521728515625 0.5087890625 0.61669921875 0.3326822916666667
9 0.56591796875 0.45703125 0.0625 0.15494791666666666
9 0.431884765625 0.4404296875 0.06201171875 0.14778645833333334
1 0.64453125 0.5104166666666666 0.1005859375 0.13541666666666666
6 0.383544921875 0.490234375 0.06884765625 0.06640625
5 0.36669921875 0.392578125 0.0595703125 0.12760416666666666
7 0.494140625 0.3990885416666667 0.0654296875 0.10416666666666667
2 0.610595703125 0.416015625 0.07080078125 0.12890625
10 0.582275390625 0.3994140625 0.13623046875 0.072265625
17 0.521728515625 0.5087890625 0.61669921875 0.3326822916666667
9 0.56591796875 0.45703125 0.0625 0.15494791666666666
9 0.431884765625 0.4404296875 0.06201171875 0.14778645833333334
1 0.64453125 0.5104166666666666 0.1005859375 0.13541666666666666
6 0.383544921875 0.490234375 0.06884765625 0.06640625
5 0.36669921875 0.392578125 0.0595703125 0.12760416666666666
7 0.494140625 0.3990885416666667 0.0654296875 0.10416666666666667
2 0.610595703125 0.416015625 0.07080078125 0.12890625
10 0.582275390625 0.3994140625 0.13623046875 0.072265625
17 0.521728515625 0.5087890625 0.61669921875 0.3326822916666667
9 0.56591796875 0.45703125 0.0625 0.15494791666666666
9 0.431884765625 0.4404296875 0.06201171875 0.14778645833333334
1 0.64453125 0.5104166666666666 0.1005859375 0.13541666666666666
6 0.383544921875 0.490234375 0.06884765625 0.06640625
5 0.36669921875 0.392578125 0.0595703125 0.12760416666666666
7 0.494140625 0.3990885416666667 0.0654296875 0.10416666666666667
2 0.610595703125 0.416015625 0.07080078125 0.12890625
10 0.582275390625 0.3994140625 0.13623046875 0.072265625
17 0.521728515625 0.5087890625 0.61669921875 0.3326822916666667
