7 0.41748046875 0.3307291666666667 0.052734375 0.21875
10 0.453125 0.3873697916666667 0.1396484375 0.078125
6 0.525390625 0.4322916666666667 0.111328125 0.055989583333333336
4 0.430419921875 0.4713541666666667 0.07666015625 0.05078125
9 0.3408203125 0.4215494791666667 0.1025390625 0.07356770833333333
5 0.346923828125 0.3623046875 0.06396484375 0.07747395833333333
17 0.434814453125 0.4378255208333333 0.52392578125 0.3834635416666667
7 0.41748046875 0.3307291666666667 0.052734375 0.21875
10 0.453125 0.3873697916666667 0.1396484375 0.078125
6 0.525390625 0.4322916666666667 0.111328125 0.055989583333333336
4 0.430419921875 0.4713541666666667 0.07666015625 0.05078125
9 0.3408203125 0.4215494791666667 0.1025390625 0.07356770833333333
5 0.346923828125 0.3623046875 0.06396484375 0.07747395833333333
17 0.434814453125 0.4378255208333333 0.52392578125 0.3834635416666667
7 0.41748046875 0.3307291666666667 0.052734375 0.21875
10 0.453125 0.3873697916666667 0.1396484375 0.078125
6 0.525390625 0.4322916666666667 0.111328125 0.055989583333333336
4 0.430419921875 0.4713541666666667 0.07666015625 0.05078125
9 0.3408203125 0.4215494791666667 0.1025390625 0.07356770833333333
5 0.346923828125 0.3623046875 0.06396484375 0.07747395833333333
17 0.434814453125 0.4378255208333333 0.52392578125 0.3834635416666667
7 0.41748046875 0.3307291666666667 0.052734375 0.21875
10 0.453125 0.3873697916666667 0.1396484375 0.078125
6 0.525390625 0.4322916666666667 0.111328125 0.055989583333333336
4 0.430419921875 0.4713541666666667 0.07666015625 0.05078125
9 0.3408203125 0.4215494791666667 0.1025390625 0.07356770833333333
5 0.346923828125 0.3623046875 0.06396484375 0.07747395833333333
17 0.434814453125 0.4378255208333333 0.52392578125 0.3834635416666667
7 0.41748046875 0.3307291666666667 0.052734375 0.21875
10 0.453125 0.3873697916666667 0.1396484375 0.078125
6 0.525390625 0.4322916666666667 0.111328125 0.055989583333333336
4 0.430419921875 0.4713541666666667 0.07666015625 0.05078125
9 0.3408203125 0.4215494791666667 0.1025390625 0.07356770833333333
5 0.346923828125 0.3623046875 0.06396484375 0.07747395833333333
17 0.434814453125 0.4378255208333333 0.52392578125 0.3834635416666667
