7 0.44873046875 0.3876953125 0.1552734375 0.08138020833333333
9 0.542236328125 0.4036458333333333 0.05517578125 0.12760416666666666
9 0.4189453125 0.3583984375 0.052734375 0.10611979166666667
3 0.444580078125 0.4065755208333333 0.33740234375 0.212890625
0 0.53369140625 0.5 0.1357421875 0.046875
0 0.49462890625 0.494140625 0.123046875 0.07421875
1 0.55078125 0.4778645833333333 0.2509765625 0.02734375
5 0.576171875 0.3997395833333333 0.0390625 0.09895833333333333
17 0.485595703125 0.4739583333333333 0.56201171875 0.2942708333333333
7 0.44873046875 0.3876953125 0.1552734375 0.08138020833333333
9 0.542236328125 0.4036458333333333 0.05517578125 0.12760416666666666
9 0.4189453125 0.3583984375 0.052734375 0.10611979166666667
3 0.444580078125 0.4065755208333333 0.33740234375 0.212890625
0 0.53369140625 0.5 0.1357421875 0.046875
0 0.49462890625 0.494140625 0.123046875 0.07421875
1 0.55078125 0.4778645833333333 0.2509765625 0.02734375
5 0.576171875 0.3997395833333333 0.0390625 0.09895833333333333
17 0.485595703125 0.4739583333333333 0.56201171875 0.2942708333333333
7 0.44873046875 0.3876953125 0.1552734375 0.08138020833333333
9 0.542236328125 0.4036458333333333 0.05517578125 0.12760416666666666
9 0.4189453125 0.3583984375 0.052734375 0.10611979166666667
3 0.444580078125 0.4065755208333333 0.33740234375 0.212890625
0 0.53369140625 0.5 0.1357421875 0.046875
0 0.49462890625 0.494140625 0.123046875 0.07421875
1 0.55078125 0.4778645833333333 0.2509765625 0.02734375
5 0.576171875 0.3997395833333333 0.0390625 0.09895833333333333
17 0.485595703125 0.4739583333333333 0.56201171875 0.2942708333333333
7 0.44873046875 0.3876953125 0.1552734375 0.08138020833333333
9 0.542236328125 0.4036458333333333 0.05517578125 0.12760416666666666
9 0.4189453125 0.3583984375 0.052734375 0.10611979166666667
3 0.444580078125 0.4065755208333333 0.33740234375 0.212890625
0 0.53369140625 0.5 0.1357421875 0.046875
0 0.49462890625 0.494140625 0.123046875 0.07421875
1 0.55078125 0.4778645833333333 0.2509765625 0.02734375
5 0.576171875 0.3997395833333333 0.0390625 0.09895833333333333
17 0.485595703125 0.4739583333333333 0.56201171875 0.2942708333333333
7 0.44873046875 0.3876953125 0.1552734375 0.08138020833333333
9 0.542236328125 0.4036458333333333 0.05517578125 0.12760416666666666
9 0.4189453125 0.3583984375 0.052734375 0.10611979166666667
3 0.444580078125 0.4065755208333333 0.33740234375 0.212890625
0 0.53369140625 0.5 0.1357421875 0.046875
0 0.49462890625 0.494140625 0.123046875 0.07421875
1 0.55078125 0.4778645833333333 0.2509765625 0.02734375
5 0.576171875 0.3997395833333333 0.0390625 0.09895833333333333
17 0.485595703125 0.4739583333333333 0.56201171875 0.2942708333333333
7 0.44873046875 0.3876953125 0.1552734375 0.08138020833333333
9 0.542236328125 0.4036458333333333 0.05517578125 0.12760416666666666
9 0.4189453125 0.3583984375 0.052734375 0.10611979166666667
3 0.444580078125 0.4065755208333333 0.33740234375 0.212890625
0 0.53369140625 0.5 0.1357421875 0.046875
0 0.49462890625 0.494140625 0.123046875 0.07421875
1 0.55078125 0.4778645833333333 0.2509765625 0.02734375
5 0.576171875 0.3997395833333333 0.0390625 0.09895833333333333
17 0.485595703125 0.4739583333333333 0.56201171875 0.2942708333333333
7 0.44873046875 0.3876953125 0.1552734375 0.08138020833333333
9 0.542236328125 0.4036458333333333 0.05517578125 0.12760416666666666
9 0.4189453125 0.3583984375 0.052734375 0.10611979166666667
3 0.444580078125 0.4065755208333333 0.33740234375 0.212890625
0 0.53369140625 0.5 0.1357421875 0.046875
0 0.49462890625 0.494140625 0.123046875 0.07421875
1 0.55078125 0.4778645833333333 0.2509765625 0.02734375
5 0.576171875 0.3997395833333333 0.0390625 0.09895833333333333
17 0.485595703125 0.4739583333333333 0.56201171875 0.2942708333333333
7 0.44873046875 0.3876953125 0.1552734375 0.08138020833333333
9 0.542236328125 0.4036458333333333 0.05517578125 0.12760416666666666
9 0.4189453125 0.3583984375 0.052734375 0.10611979166666667
3 0.444580078125 0.4065755208333333 0.33740234375 0.212890625
0 0.53369140625 0.5 0.1357421875 0.046875
0 0.49462890625 0.494140625 0.123046875 0.07421875
1 0.55078125 0.4778645833333333 0.2509765625 0.02734375
5 0.576171875 0.3997395833333333 0.0390625 0.09895833333333333
17 0.485595703125 0.4739583333333333 0.56201171875 0.2942708333333333
7 0.44873046875 0.3876953125 0.1552734375 0.08138020833333333
9 0.542236328125 0.4036458333333333 0.05517578125 0.12760416666666666
9 0.4189453125 0.3583984375 0.052734375 0.10611979166666667
3 0.444580078125 0.4065755208333333 0.33740234375 0.212890625
0 0.53369140625 0.5 0.1357421875 0.046875
0 0.49462890625 0.494140625 0.123046875 0.07421875
1 0.55078125 0.4778645833333333 0.2509765625 0.02734375
5 0.576171875 0.3997395833333333 0.0390625 0.09895833333333333
17 0.485595703125 0.4739583333333333 0.56201171875 0.2942708333333333
7 0.44873046875 0.3876953125 0.1552734375 0.08138020833333333
9 0.542236328125 0.4036458333333333 0.05517578125 0.12760416666666666
9 0.4189453125 0.3583984375 0.052734375 0.10611979166666667
3 0.444580078125 0.4065755208333333 0.33740234375 0.212890625
0 0.53369140625 0.5 0.1357421875 0.046875
0 0.49462890625 0.494140625 0.123046875 0.07421875
1 0.55078125 0.4778645833333333 0.2509765625 0.02734375
5 0.576171875 0.3997395833333333 0.0390625 0.09895833333333333
17 0.485595703125 0.4739583333333333 0.56201171875 0.2942708333333333
7 0.44873046875 0.3876953125 0.1552734375 0.08138020833333333
9 0.542236328125 0.4036458333333333 0.05517578125 0.12760416666666666
9 0.4189453125 0.3583984375 0.052734375 0.10611979166666667
3 0.444580078125 0.4065755208333333 0.33740234375 0.212890625
0 0.53369140625 0.5 0.1357421875 0.046875
0 0.49462890625 0.494140625 0.123046875 0.07421875
1 0.55078125 0.4778645833333333 0.2509765625 0.02734375
5 0.576171875 0.3997395833333333 0.0390625 0.09895833333333333
17 0.485595703125 0.4739583333333333 0.56201171875 0.2942708333333333
7 0.44873046875 0.3876953125 0.1552734375 0.08138020833333333
9 0.542236328125 0.4036458333333333 0.05517578125 0.12760416666666666
9 0.4189453125 0.3583984375 0.052734375 0.10611979166666667
3 0.444580078125 0.4065755208333333 0.33740234375 0.212890625
0 0.53369140625 0.5 0.1357421875 0.046875
0 0.49462890625 0.494140625 0.123046875 0.07421875
1 0.55078125 0.4778645833333333 0.2509765625 0.02734375
5 0.576171875 0.3997395833333333 0.0390625 0.09895833333333333
17 0.485595703125 0.4739583333333333 0.56201171875 0.2942708333333333
