7 0.423095703125 0.3391927083333333 0.06103515625 0.22786458333333334
4 0.506103515625 0.4602864583333333 0.07861328125 0.061197916666666664
5 0.365234375 0.40625 0.0654296875 0.13411458333333334
9 0.39306640625 0.451171875 0.107421875 0.08723958333333333
10 0.438720703125 0.3863932291666667 0.10302734375 0.060546875
6 0.528076171875 0.4137369791666667 0.04052734375 0.061848958333333336
0 0.50244140625 0.4010416666666667 0.029296875 0.032552083333333336
17 0.394287109375 0.4554036458333333 0.58349609375 0.412109375
7 0.423095703125 0.3391927083333333 0.06103515625 0.22786458333333334
4 0.506103515625 0.4602864583333333 0.07861328125 0.061197916666666664
5 0.365234375 0.40625 0.0654296875 0.13411458333333334
9 0.39306640625 0.451171875 0.107421875 0.08723958333333333
10 0.438720703125 0.3863932291666667 0.10302734375 0.060546875
6 0.528076171875 0.4137369791666667 0.04052734375 0.061848958333333336
0 0.50244140625 0.4010416666666667 0.029296875 0.032552083333333336
17 0.394287109375 0.4554036458333333 0.58349609375 0.412109375
7 0.423095703125 0.3391927083333333 0.06103515625 0.22786458333333334
4 0.506103515625 0.4602864583333333 0.07861328125 0.061197916666666664
5 0.365234375 0.40625 0.0654296875 0.13411458333333334
9 0.39306640625 0.451171875 0.107421875 0.08723958333333333
10 0.438720703125 0.3863932291666667 0.10302734375 0.060546875
6 0.528076171875 0.4137369791666667 0.04052734375 0.061848958333333336
0 0.50244140625 0.4010416666666667 0.029296875 0.032552083333333336
17 0.394287109375 0.4554036458333333 0.58349609375 0.412109375
7 0.423095703125 0.3391927083333333 0.06103515625 0.22786458333333334
4 0.506103515625 0.4602864583333333 0.07861328125 0.061197916666666664
5 0.365234375 0.40625 0.0654296875 0.13411458333333334
9 0.39306640625 0.451171875 0.107421875 0.08723958333333333
10 0.438720703125 0.3863932291666667 0.10302734375 0.060546875
6 0.528076171875 0.4137369791666667 0.04052734375 0.061848958333333336
0 0.50244140625 0.4010416666666667 0.029296875 0.032552083333333336
17 0.394287109375 0.4554036458333333 0.58349609375 0.412109375
7 0.423095703125 0.3391927083333333 0.06103515625 0.22786458333333334
4 0.506103515625 0.4602864583333333 0.07861328125 0.061197916666666664
5 0.365234375 0.40625 0.0654296875 0.13411458333333334
9 0.39306640625 0.451171875 0.107421875 0.08723958333333333
10 0.438720703125 0.3863932291666667 0.10302734375 0.060546875
6 0.528076171875 0.4137369791666667 0.04052734375 0.061848958333333336
0 0.50244140625 0.4010416666666667 0.029296875 0.032552083333333336
17 0.394287109375 0.4554036458333333 0.58349609375 0.412109375
