7 0.3388671875 0.3024088541666667 0.052734375 0.189453125
7 0.409423828125 0.3020833333333333 0.05908203125 0.0703125
7 0.403076171875 0.3671875 0.07568359375 0.055989583333333336
10 0.465576171875 0.3580729166666667 0.04833984375 0.06380208333333333
6 0.517822265625 0.3450520833333333 0.05615234375 0.022135416666666668
3 0.281982421875 0.3782552083333333 0.09130859375 0.078125
17 0.38720703125 0.3876953125 0.4765625 0.216796875
7 0.3388671875 0.3024088541666667 0.052734375 0.189453125
7 0.409423828125 0.3020833333333333 0.05908203125 0.0703125
7 0.403076171875 0.3671875 0.07568359375 0.055989583333333336
10 0.465576171875 0.3580729166666667 0.04833984375 0.06380208333333333
6 0.517822265625 0.3450520833333333 0.05615234375 0.022135416666666668
3 0.281982421875 0.3782552083333333 0.09130859375 0.078125
17 0.38720703125 0.3876953125 0.4765625 0.216796875
7 0.3388671875 0.3024088541666667 0.052734375 0.189453125
7 0.409423828125 0.3020833333333333 0.05908203125 0.0703125
7 0.403076171875 0.3671875 0.07568359375 0.055989583333333336
10 0.465576171875 0.3580729166666667 0.04833984375 0.06380208333333333
6 0.517822265625 0.3450520833333333 0.05615234375 0.022135416666666668
3 0.281982421875 0.3782552083333333 0.09130859375 0.078125
17 0.38720703125 0.3876953125 0.4765625 0.216796875
7 0.3388671875 0.3024088541666667 0.052734375 0.189453125
7 0.409423828125 0.3020833333333333 0.05908203125 0.0703125
7 0.403076171875 0.3671875 0.07568359375 0.055989583333333336
10 0.465576171875 0.3580729166666667 0.04833984375 0.06380208333333333
6 0.517822265625 0.3450520833333333 0.05615234375 0.022135416666666668
3 0.281982421875 0.3782552083333333 0.09130859375 0.078125
17 0.38720703125 0.3876953125 0.4765625 0.216796875
7 0.3388671875 0.3024088541666667 0.052734375 0.189453125
7 0.409423828125 0.3020833333333333 0.05908203125 0.0703125
7 0.403076171875 0.3671875 0.07568359375 0.055989583333333336
10 0.465576171875 0.3580729166666667 0.04833984375 0.06380208333333333
6 0.517822265625 0.3450520833333333 0.05615234375 0.022135416666666668
3 0.281982421875 0.3782552083333333 0.09130859375 0.078125
17 0.38720703125 0.3876953125 0.4765625 0.216796875
7 0.3388671875 0.3024088541666667 0.052734375 0.189453125
7 0.409423828125 0.3020833333333333 0.05908203125 0.0703125
7 0.403076171875 0.3671875 0.07568359375 0.055989583333333336
10 0.465576171875 0.3580729166666667 0.04833984375 0.06380208333333333
6 0.517822265625 0.3450520833333333 0.05615234375 0.022135416666666668
3 0.281982421875 0.3782552083333333 0.09130859375 0.078125
17 0.38720703125 0.3876953125 0.4765625 0.216796875
7 0.3388671875 0.3024088541666667 0.052734375 0.189453125
7 0.409423828125 0.3020833333333333 0.05908203125 0.0703125
7 0.403076171875 0.3671875 0.07568359375 0.055989583333333336
10 0.465576171875 0.3580729166666667 0.04833984375 0.06380208333333333
6 0.517822265625 0.3450520833333333 0.05615234375 0.022135416666666668
3 0.281982421875 0.3782552083333333 0.09130859375 0.078125
17 0.38720703125 0.3876953125 0.4765625 0.216796875
7 0.3388671875 0.3024088541666667 0.052734375 0.189453125
7 0.409423828125 0.3020833333333333 0.05908203125 0.0703125
7 0.403076171875 0.3671875 0.07568359375 0.055989583333333336
10 0.465576171875 0.3580729166666667 0.04833984375 0.06380208333333333
6 0.517822265625 0.3450520833333333 0.05615234375 0.022135416666666668
3 0.281982421875 0.3782552083333333 0.09130859375 0.078125
17 0.38720703125 0.3876953125 0.4765625 0.216796875
7 0.3388671875 0.3024088541666667 0.052734375 0.189453125
7 0.409423828125 0.3020833333333333 0.05908203125 0.0703125
7 0.403076171875 0.3671875 0.07568359375 0.055989583333333336
10 0.465576171875 0.3580729166666667 0.04833984375 0.06380208333333333
6 0.517822265625 0.3450520833333333 0.05615234375 0.022135416666666668
3 0.281982421875 0.3782552083333333 0.09130859375 0.078125
17 0.38720703125 0.3876953125 0.4765625 0.216796875
7 0.3388671875 0.3024088541666667 0.052734375 0.189453125
7 0.409423828125 0.3020833333333333 0.05908203125 0.0703125
7 0.403076171875 0.3671875 0.07568359375 0.055989583333333336
10 0.465576171875 0.3580729166666667 0.04833984375 0.06380208333333333
6 0.517822265625 0.3450520833333333 0.05615234375 0.022135416666666668
3 0.281982421875 0.3782552083333333 0.09130859375 0.078125
17 0.38720703125 0.3876953125 0.4765625 0.216796875
7 0.3388671875 0.3024088541666667 0.052734375 0.189453125
7 0.409423828125 0.3020833333333333 0.05908203125 0.0703125
7 0.403076171875 0.3671875 0.07568359375 0.055989583333333336
10 0.465576171875 0.3580729166666667 0.04833984375 0.06380208333333333
6 0.517822265625 0.3450520833333333 0.05615234375 0.022135416666666668
3 0.281982421875 0.3782552083333333 0.09130859375 0.078125
17 0.38720703125 0.3876953125 0.4765625 0.216796875
7 0.3388671875 0.3024088541666667 0.052734375 0.189453125
7 0.409423828125 0.3020833333333333 0.05908203125 0.0703125
7 0.403076171875 0.3671875 0.07568359375 0.055989583333333336
10 0.465576171875 0.3580729166666667 0.04833984375 0.06380208333333333
6 0.517822265625 0.3450520833333333 0.05615234375 0.022135416666666668
3 0.281982421875 0.3782552083333333 0.09130859375 0.078125
17 0.38720703125 0.3876953125 0.4765625 0.216796875
