9 0.299560546875 0.4280598958333333 0.06884765625 0.14778645833333334
5 0.47705078125 0.416015625 0.060546875 0.14973958333333334
0 0.444580078125 0.5074869791666666 0.14013671875 0.060546875
6 0.378173828125 0.4596354166666667 0.04736328125 0.05859375
9 0.541748046875 0.4368489583333333 0.08154296875 0.08723958333333333
6 0.390625 0.4108072916666667 0.107421875 0.0234375
6 0.41796875 0.4322916666666667 0.083984375 0.015625
17 0.397705078125 0.5159505208333334 0.60791015625 0.353515625
9 0.299560546875 0.4280598958333333 0.06884765625 0.14778645833333334
5 0.47705078125 0.416015625 0.060546875 0.14973958333333334
0 0.444580078125 0.5074869791666666 0.14013671875 0.060546875
6 0.378173828125 0.4596354166666667 0.04736328125 0.05859375
9 0.541748046875 0.4368489583333333 0.08154296875 0.08723958333333333
6 0.390625 0.4108072916666667 0.107421875 0.0234375
6 0.41796875 0.4322916666666667 0.083984375 0.015625
17 0.397705078125 0.5159505208333334 0.60791015625 0.353515625
9 0.299560546875 0.4280598958333333 0.06884765625 0.14778645833333334
5 0.47705078125 0.416015625 0.060546875 0.14973958333333334
0 0.444580078125 0.5074869791666666 0.14013671875 0.060546875
6 0.378173828125 0.4596354166666667 0.04736328125 0.05859375
9 0.541748046875 0.4368489583333333 0.08154296875 0.08723958333333333
6 0.390625 0.4108072916666667 0.107421875 0.0234375
6 0.41796875 0.4322916666666667 0.083984375 0.015625
17 0.397705078125 0.5159505208333334 0.60791015625 0.353515625
9 0.299560546875 0.4280598958333333 0.06884765625 0.14778645833333334
5 0.47705078125 0.416015625 0.060546875 0.14973958333333334
0 0.444580078125 0.5074869791666666 0.14013671875 0.060546875
6 0.378173828125 0.4596354166666667 0.04736328125 0.05859375
9 0.541748046875 0.4368489583333333 0.08154296875 0.08723958333333333
6 0.390625 0.4108072916666667 0.107421875 0.0234375
6 0.41796875 0.4322916666666667 0.083984375 0.015625
17 0.397705078125 0.5159505208333334 0.60791015625 0.353515625
9 0.299560546875 0.4280598958333333 0.06884765625 0.14778645833333334
5 0.47705078125 0.416015625 0.060546875 0.14973958333333334
0 0.444580078125 0.5074869791666666 0.14013671875 0.060546875
6 0.378173828125 0.4596354166666667 0.04736328125 0.05859375
9 0.541748046875 0.4368489583333333 0.08154296875 0.08723958333333333
6 0.390625 0.4108072916666667 0.107421875 0.0234375
6 0.41796875 0.4322916666666667 0.083984375 0.015625
17 0.397705078125 0.5159505208333334 0.60791015625 0.353515625
