10 0.478271484375 0.6175130208333334 0.05029296875 0.09440104166666667
7 0.42822265625 0.7041015625 0.12890625 0.07096354166666667
9 0.5654296875 0.6647135416666666 0.0751953125 0.05078125
1 0.453369140625 0.6608072916666666 0.13525390625 0.07421875
0 0.5205078125 0.6240234375 0.0361328125 0.056640625
1 0.507080078125 0.734375 0.07177734375 0.09635416666666667
6 0.6220703125 0.6787109375 0.0419921875 0.07096354166666667
3 0.48486328125 0.6783854166666666 0.2412109375 0.11848958333333333
17 0.46630859375 0.6858723958333334 0.3974609375 0.333984375
10 0.478271484375 0.6175130208333334 0.05029296875 0.09440104166666667
7 0.42822265625 0.7041015625 0.12890625 0.07096354166666667
9 0.5654296875 0.6647135416666666 0.0751953125 0.05078125
1 0.453369140625 0.6608072916666666 0.13525390625 0.07421875
0 0.5205078125 0.6240234375 0.0361328125 0.056640625
1 0.507080078125 0.734375 0.07177734375 0.09635416666666667
6 0.6220703125 0.6787109375 0.0419921875 0.07096354166666667
3 0.48486328125 0.6783854166666666 0.2412109375 0.11848958333333333
17 0.46630859375 0.6858723958333334 0.3974609375 0.333984375
10 0.478271484375 0.6175130208333334 0.05029296875 0.09440104166666667
7 0.42822265625 0.7041015625 0.12890625 0.07096354166666667
9 0.5654296875 0.6647135416666666 0.0751953125 0.05078125
1 0.453369140625 0.6608072916666666 0.13525390625 0.07421875
0 0.5205078125 0.6240234375 0.0361328125 0.056640625
1 0.507080078125 0.734375 0.07177734375 0.09635416666666667
6 0.6220703125 0.6787109375 0.0419921875 0.07096354166666667
3 0.48486328125 0.6783854166666666 0.2412109375 0.11848958333333333
17 0.46630859375 0.6858723958333334 0.3974609375 0.333984375
10 0.478271484375 0.6175130208333334 0.05029296875 0.09440104166666667
7 0.42822265625 0.7041015625 0.12890625 0.07096354166666667
9 0.5654296875 0.6647135416666666 0.0751953125 0.05078125
1 0.453369140625 0.6608072916666666 0.13525390625 0.07421875
0 0.5205078125 0.6240234375 0.0361328125 0.056640625
1 0.507080078125 0.734375 0.07177734375 0.09635416666666667
6 0.6220703125 0.6787109375 0.0419921875 0.07096354166666667
3 0.48486328125 0.6783854166666666 0.2412109375 0.11848958333333333
17 0.46630859375 0.6858723958333334 0.3974609375 0.333984375
10 0.478271484375 0.6175130208333334 0.05029296875 0.09440104166666667
7 0.42822265625 0.7041015625 0.12890625 0.07096354166666667
9 0.5654296875 0.6647135416666666 0.0751953125 0.05078125
1 0.453369140625 0.6608072916666666 0.13525390625 0.07421875
0 0.5205078125 0.6240234375 0.0361328125 0.056640625
1 0.507080078125 0.734375 0.07177734375 0.09635416666666667
6 0.6220703125 0.6787109375 0.0419921875 0.07096354166666667
3 0.48486328125 0.6783854166666666 0.2412109375 0.11848958333333333
17 0.46630859375 0.6858723958333334 0.3974609375 0.333984375
