8 0.23681640625 0.4576822916666667 0.240234375 0.125
9 0.39794921875 0.4615885416666667 0.0703125 0.15755208333333334
9 0.44091796875 0.3528645833333333 0.048828125 0.09635416666666667
2 0.461181640625 0.4270833333333333 0.08251953125 0.12109375
1 0.53759765625 0.4781901041666667 0.0869140625 0.10872395833333333
3 0.445556640625 0.5651041666666666 0.38818359375 0.19140625
6 0.247802734375 0.5491536458333334 0.06103515625 0.08658854166666667
0 0.327392578125 0.5201822916666666 0.10302734375 0.09375
7 0.279296875 0.322265625 0.0751953125 0.16796875
10 0.381591796875 0.3505859375 0.06298828125 0.18815104166666666
17 0.3876953125 0.494140625 0.6494140625 0.4505208333333333
8 0.23681640625 0.4576822916666667 0.240234375 0.125
9 0.39794921875 0.4615885416666667 0.0703125 0.15755208333333334
9 0.44091796875 0.3528645833333333 0.048828125 0.09635416666666667
2 0.461181640625 0.4270833333333333 0.08251953125 0.12109375
1 0.53759765625 0.4781901041666667 0.0869140625 0.10872395833333333
3 0.445556640625 0.5651041666666666 0.38818359375 0.19140625
6 0.247802734375 0.5491536458333334 0.06103515625 0.08658854166666667
0 0.327392578125 0.5201822916666666 0.10302734375 0.09375
7 0.279296875 0.322265625 0.0751953125 0.16796875
10 0.381591796875 0.3505859375 0.06298828125 0.18815104166666666
17 0.3876953125 0.494140625 0.6494140625 0.4505208333333333
8 0.23681640625 0.4576822916666667 0.240234375 0.125
9 0.39794921875 0.4615885416666667 0.0703125 0.15755208333333334
9 0.44091796875 0.3528645833333333 0.048828125 0.09635416666666667
2 0.461181640625 0.4270833333333333 0.08251953125 0.12109375
1 0.53759765625 0.4781901041666667 0.0869140625 0.10872395833333333
3 0.445556640625 0.5651041666666666 0.38818359375 0.19140625
6 0.247802734375 0.5491536458333334 0.06103515625 0.08658854166666667
0 0.327392578125 0.5201822916666666 0.10302734375 0.09375
7 0.279296875 0.322265625 0.0751953125 0.16796875
10 0.381591796875 0.3505859375 0.06298828125 0.18815104166666666
17 0.3876953125 0.494140625 0.6494140625 0.4505208333333333
8 0.23681640625 0.4576822916666667 0.240234375 0.125
9 0.39794921875 0.4615885416666667 0.0703125 0.15755208333333334
9 0.44091796875 0.3528645833333333 0.048828125 0.09635416666666667
2 0.461181640625 0.4270833333333333 0.08251953125 0.12109375
1 0.53759765625 0.4781901041666667 0.0869140625 0.10872395833333333
3 0.445556640625 0.5651041666666666 0.38818359375 0.19140625
6 0.247802734375 0.5491536458333334 0.06103515625 0.08658854166666667
0 0.327392578125 0.5201822916666666 0.10302734375 0.09375
7 0.279296875 0.322265625 0.0751953125 0.16796875
10 0.381591796875 0.3505859375 0.06298828125 0.18815104166666666
17 0.3876953125 0.494140625 0.6494140625 0.4505208333333333
8 0.23681640625 0.4576822916666667 0.240234375 0.125
9 0.39794921875 0.4615885416666667 0.0703125 0.15755208333333334
9 0.44091796875 0.3528645833333333 0.048828125 0.09635416666666667
2 0.461181640625 0.4270833333333333 0.08251953125 0.12109375
1 0.53759765625 0.4781901041666667 0.0869140625 0.10872395833333333
3 0.445556640625 0.5651041666666666 0.38818359375 0.19140625
6 0.247802734375 0.5491536458333334 0.06103515625 0.08658854166666667
0 0.327392578125 0.5201822916666666 0.10302734375 0.09375
7 0.279296875 0.322265625 0.0751953125 0.16796875
10 0.381591796875 0.3505859375 0.06298828125 0.18815104166666666
17 0.3876953125 0.494140625 0.6494140625 0.4505208333333333
