9 0.39404296875 0.3427734375 0.0458984375 0.10091145833333333
12 0.427734375 0.3092447916666667 0.0791015625 0.09635416666666667
7 0.311279296875 0.310546875 0.04638671875 0.10416666666666667
11 0.2958984375 0.3736979166666667 0.083984375 0.053385416666666664
11 0.2666015625 0.3277994791666667 0.0458984375 0.030598958333333332
9 0.34814453125 0.32421875 0.0283203125 0.08854166666666667
17 0.37451171875 0.3629557291666667 0.4169921875 0.20638020833333334
9 0.39404296875 0.3427734375 0.0458984375 0.10091145833333333
12 0.427734375 0.3092447916666667 0.0791015625 0.09635416666666667
7 0.311279296875 0.310546875 0.04638671875 0.10416666666666667
11 0.2958984375 0.3736979166666667 0.083984375 0.053385416666666664
11 0.2666015625 0.3277994791666667 0.0458984375 0.030598958333333332
9 0.34814453125 0.32421875 0.0283203125 0.08854166666666667
17 0.37451171875 0.3629557291666667 0.4169921875 0.20638020833333334
9 0.39404296875 0.3427734375 0.0458984375 0.10091145833333333
12 0.427734375 0.3092447916666667 0.0791015625 0.09635416666666667
7 0.311279296875 0.310546875 0.04638671875 0.10416666666666667
11 0.2958984375 0.3736979166666667 0.083984375 0.053385416666666664
11 0.2666015625 0.3277994791666667 0.0458984375 0.030598958333333332
9 0.34814453125 0.32421875 0.0283203125 0.08854166666666667
17 0.37451171875 0.3629557291666667 0.4169921875 0.20638020833333334
9 0.39404296875 0.3427734375 0.0458984375 0.10091145833333333
12 0.427734375 0.3092447916666667 0.0791015625 0.09635416666666667
7 0.311279296875 0.310546875 0.04638671875 0.10416666666666667
11 0.2958984375 0.3736979166666667 0.083984375 0.053385416666666664
11 0.2666015625 0.3277994791666667 0.0458984375 0.030598958333333332
9 0.34814453125 0.32421875 0.0283203125 0.08854166666666667
17 0.37451171875 0.3629557291666667 0.4169921875 0.20638020833333334
9 0.39404296875 0.3427734375 0.0458984375 0.10091145833333333
12 0.427734375 0.3092447916666667 0.0791015625 0.09635416666666667
7 0.311279296875 0.310546875 0.04638671875 0.10416666666666667
11 0.2958984375 0.3736979166666667 0.083984375 0.053385416666666664
11 0.2666015625 0.3277994791666667 0.0458984375 0.030598958333333332
9 0.34814453125 0.32421875 0.0283203125 0.08854166666666667
17 0.37451171875 0.3629557291666667 0.4169921875 0.20638020833333334
