2 0.3056640625 0.4111328125 0.0927734375 0.11783854166666667
5 0.4111328125 0.42578125 0.080078125 0.12630208333333334
6 0.4853515625 0.4348958333333333 0.0830078125 0.022135416666666668
6 0.352294921875 0.4671223958333333 0.04736328125 0.06705729166666667
3 0.192138671875 0.443359375 0.18310546875 0.053385416666666664
9 0.392333984375 0.3382161458333333 0.04638671875 0.07096354166666667
1 0.504150390625 0.4108072916666667 0.07763671875 0.029947916666666668
1 0.319580078125 0.517578125 0.02294921875 0.045572916666666664
17 0.35546875 0.4957682291666667 0.5634765625 0.3483072916666667
2 0.3056640625 0.4111328125 0.0927734375 0.11783854166666667
5 0.4111328125 0.42578125 0.080078125 0.12630208333333334
6 0.4853515625 0.4348958333333333 0.0830078125 0.022135416666666668
6 0.352294921875 0.4671223958333333 0.04736328125 0.06705729166666667
3 0.192138671875 0.443359375 0.18310546875 0.053385416666666664
9 0.392333984375 0.3382161458333333 0.04638671875 0.07096354166666667
1 0.504150390625 0.4108072916666667 0.07763671875 0.029947916666666668
1 0.319580078125 0.517578125 0.02294921875 0.045572916666666664
17 0.35546875 0.4957682291666667 0.5634765625 0.3483072916666667
2 0.3056640625 0.4111328125 0.0927734375 0.11783854166666667
5 0.4111328125 0.42578125 0.080078125 0.12630208333333334
6 0.4853515625 0.4348958333333333 0.0830078125 0.022135416666666668
6 0.352294921875 0.4671223958333333 0.04736328125 0.06705729166666667
3 0.192138671875 0.443359375 0.18310546875 0.053385416666666664
9 0.392333984375 0.3382161458333333 0.04638671875 0.07096354166666667
1 0.504150390625 0.4108072916666667 0.07763671875 0.029947916666666668
1 0.319580078125 0.517578125 0.02294921875 0.045572916666666664
17 0.35546875 0.4957682291666667 0.5634765625 0.3483072916666667
2 0.3056640625 0.4111328125 0.0927734375 0.11783854166666667
5 0.4111328125 0.42578125 0.080078125 0.12630208333333334
6 0.4853515625 0.4348958333333333 0.0830078125 0.022135416666666668
6 0.352294921875 0.4671223958333333 0.04736328125 0.06705729166666667
3 0.192138671875 0.443359375 0.18310546875 0.053385416666666664
9 0.392333984375 0.3382161458333333 0.04638671875 0.07096354166666667
1 0.504150390625 0.4108072916666667 0.07763671875 0.029947916666666668
1 0.319580078125 0.517578125 0.02294921875 0.045572916666666664
17 0.35546875 0.4957682291666667 0.5634765625 0.3483072916666667
2 0.3056640625 0.4111328125 0.0927734375 0.11783854166666667
5 0.4111328125 0.42578125 0.080078125 0.12630208333333334
6 0.4853515625 0.4348958333333333 0.0830078125 0.022135416666666668
6 0.352294921875 0.4671223958333333 0.04736328125 0.06705729166666667
3 0.192138671875 0.443359375 0.18310546875 0.053385416666666664
9 0.392333984375 0.3382161458333333 0.04638671875 0.07096354166666667
1 0.504150390625 0.4108072916666667 0.07763671875 0.029947916666666668
1 0.319580078125 0.517578125 0.02294921875 0.045572916666666664
17 0.35546875 0.4957682291666667 0.5634765625 0.3483072916666667
2 0.3056640625 0.4111328125 0.0927734375 0.11783854166666667
5 0.4111328125 0.42578125 0.080078125 0.12630208333333334
6 0.4853515625 0.4348958333333333 0.0830078125 0.022135416666666668
6 0.352294921875 0.4671223958333333 0.04736328125 0.06705729166666667
3 0.192138671875 0.443359375 0.18310546875 0.053385416666666664
9 0.392333984375 0.3382161458333333 0.04638671875 0.07096354166666667
1 0.504150390625 0.4108072916666667 0.07763671875 0.029947916666666668
1 0.319580078125 0.517578125 0.02294921875 0.045572916666666664
17 0.35546875 0.4957682291666667 0.5634765625 0.3483072916666667
2 0.3056640625 0.4111328125 0.0927734375 0.11783854166666667
5 0.4111328125 0.42578125 0.080078125 0.12630208333333334
6 0.4853515625 0.4348958333333333 0.0830078125 0.022135416666666668
6 0.352294921875 0.4671223958333333 0.04736328125 0.06705729166666667
3 0.192138671875 0.443359375 0.18310546875 0.053385416666666664
9 0.392333984375 0.3382161458333333 0.04638671875 0.07096354166666667
1 0.504150390625 0.4108072916666667 0.07763671875 0.029947916666666668
1 0.319580078125 0.517578125 0.02294921875 0.045572916666666664
17 0.35546875 0.4957682291666667 0.5634765625 0.3483072916666667
2 0.3056640625 0.4111328125 0.0927734375 0.11783854166666667
5 0.4111328125 0.42578125 0.080078125 0.12630208333333334
6 0.4853515625 0.4348958333333333 0.0830078125 0.022135416666666668
6 0.352294921875 0.4671223958333333 0.04736328125 0.06705729166666667
3 0.192138671875 0.443359375 0.18310546875 0.053385416666666664
9 0.392333984375 0.3382161458333333 0.04638671875 0.07096354166666667
1 0.504150390625 0.4108072916666667 0.07763671875 0.029947916666666668
1 0.319580078125 0.517578125 0.02294921875 0.045572916666666664
17 0.35546875 0.4957682291666667 0.5634765625 0.3483072916666667
2 0.3056640625 0.4111328125 0.0927734375 0.11783854166666667
5 0.4111328125 0.42578125 0.080078125 0.12630208333333334
6 0.4853515625 0.4348958333333333 0.0830078125 0.022135416666666668
6 0.352294921875 0.4671223958333333 0.04736328125 0.06705729166666667
3 0.192138671875 0.443359375 0.18310546875 0.053385416666666664
9 0.392333984375 0.3382161458333333 0.04638671875 0.07096354166666667
1 0.504150390625 0.4108072916666667 0.07763671875 0.029947916666666668
1 0.319580078125 0.517578125 0.02294921875 0.045572916666666664
17 0.35546875 0.4957682291666667 0.5634765625 0.3483072916666667
2 0.3056640625 0.4111328125 0.0927734375 0.11783854166666667
5 0.4111328125 0.42578125 0.080078125 0.12630208333333334
6 0.4853515625 0.4348958333333333 0.0830078125 0.022135416666666668
6 0.352294921875 0.4671223958333333 0.04736328125 0.06705729166666667
3 0.192138671875 0.443359375 0.18310546875 0.053385416666666664
9 0.392333984375 0.3382161458333333 0.04638671875 0.07096354166666667
1 0.504150390625 0.4108072916666667 0.07763671875 0.029947916666666668
1 0.319580078125 0.517578125 0.02294921875 0.045572916666666664
17 0.35546875 0.4957682291666667 0.5634765625 0.3483072916666667
2 0.3056640625 0.4111328125 0.0927734375 0.11783854166666667
5 0.4111328125 0.42578125 0.080078125 0.12630208333333334
6 0.4853515625 0.4348958333333333 0.0830078125 0.022135416666666668
6 0.352294921875 0.4671223958333333 0.04736328125 0.06705729166666667
3 0.192138671875 0.443359375 0.18310546875 0.053385416666666664
9 0.392333984375 0.3382161458333333 0.04638671875 0.07096354166666667
1 0.504150390625 0.4108072916666667 0.07763671875 0.029947916666666668
1 0.319580078125 0.517578125 0.02294921875 0.045572916666666664
17 0.35546875 0.4957682291666667 0.5634765625 0.3483072916666667
2 0.3056640625 0.4111328125 0.0927734375 0.11783854166666667
5 0.4111328125 0.42578125 0.080078125 0.12630208333333334
6 0.4853515625 0.4348958333333333 0.0830078125 0.022135416666666668
6 0.352294921875 0.4671223958333333 0.04736328125 0.06705729166666667
3 0.192138671875 0.443359375 0.18310546875 0.053385416666666664
9 0.392333984375 0.3382161458333333 0.04638671875 0.07096354166666667
1 0.504150390625 0.4108072916666667 0.07763671875 0.029947916666666668
1 0.319580078125 0.517578125 0.02294921875 0.045572916666666664
17 0.35546875 0.4957682291666667 0.5634765625 0.3483072916666667
