8 0.409423828125 0.6233723958333334 0.19970703125 0.14518229166666666
9 0.583251953125 0.677734375 0.09619140625 0.09765625
0 0.4990234375 0.7044270833333334 0.07421875 0.07942708333333333
6 0.428955078125 0.7109375 0.02197265625 0.06770833333333333
3 0.627685546875 0.8004557291666666 0.31396484375 0.18424479166666666
2 0.607421875 0.6354166666666666 0.0751953125 0.07421875
10 0.517822265625 0.583984375 0.10986328125 0.09765625
17 0.52685546875 0.716796875 0.6005859375 0.4166666666666667
8 0.409423828125 0.6233723958333334 0.19970703125 0.14518229166666666
9 0.583251953125 0.677734375 0.09619140625 0.09765625
0 0.4990234375 0.7044270833333334 0.07421875 0.07942708333333333
6 0.428955078125 0.7109375 0.02197265625 0.06770833333333333
3 0.627685546875 0.8004557291666666 0.31396484375 0.18424479166666666
2 0.607421875 0.6354166666666666 0.0751953125 0.07421875
10 0.517822265625 0.583984375 0.10986328125 0.09765625
17 0.52685546875 0.716796875 0.6005859375 0.4166666666666667
