9 0.458251953125 0.3619791666666667 0.04443359375 0.11848958333333333
9 0.4365234375 0.4723307291666667 0.11328125 0.087890625
5 0.42578125 0.3977864583333333 0.072265625 0.08463541666666667
0 0.358642578125 0.4524739583333333 0.07861328125 0.08072916666666667
0 0.546875 0.4212239583333333 0.048828125 0.05078125
6 0.494384765625 0.4231770833333333 0.07568359375 0.02734375
6 0.580322265625 0.4309895833333333 0.05810546875 0.052083333333333336
6 0.526123046875 0.4459635416666667 0.01806640625 0.04296875
4 0.557373046875 0.4912109375 0.08544921875 0.068359375
17 0.451171875 0.5231119791666666 0.6279296875 0.3990885416666667
9 0.458251953125 0.3619791666666667 0.04443359375 0.11848958333333333
9 0.4365234375 0.4723307291666667 0.11328125 0.087890625
5 0.42578125 0.3977864583333333 0.072265625 0.08463541666666667
0 0.358642578125 0.4524739583333333 0.07861328125 0.08072916666666667
0 0.546875 0.4212239583333333 0.048828125 0.05078125
6 0.494384765625 0.4231770833333333 0.07568359375 0.02734375
6 0.580322265625 0.4309895833333333 0.05810546875 0.052083333333333336
6 0.526123046875 0.4459635416666667 0.01806640625 0.04296875
4 0.557373046875 0.4912109375 0.08544921875 0.068359375
17 0.451171875 0.5231119791666666 0.6279296875 0.3990885416666667
9 0.458251953125 0.3619791666666667 0.04443359375 0.11848958333333333
9 0.4365234375 0.4723307291666667 0.11328125 0.087890625
5 0.42578125 0.3977864583333333 0.072265625 0.08463541666666667
0 0.358642578125 0.4524739583333333 0.07861328125 0.08072916666666667
0 0.546875 0.4212239583333333 0.048828125 0.05078125
6 0.494384765625 0.4231770833333333 0.07568359375 0.02734375
6 0.580322265625 0.4309895833333333 0.05810546875 0.052083333333333336
6 0.526123046875 0.4459635416666667 0.01806640625 0.04296875
4 0.557373046875 0.4912109375 0.08544921875 0.068359375
17 0.451171875 0.5231119791666666 0.6279296875 0.3990885416666667
9 0.458251953125 0.3619791666666667 0.04443359375 0.11848958333333333
9 0.4365234375 0.4723307291666667 0.11328125 0.087890625
5 0.42578125 0.3977864583333333 0.072265625 0.08463541666666667
0 0.358642578125 0.4524739583333333 0.07861328125 0.08072916666666667
0 0.546875 0.4212239583333333 0.048828125 0.05078125
6 0.494384765625 0.4231770833333333 0.07568359375 0.02734375
6 0.580322265625 0.4309895833333333 0.05810546875 0.052083333333333336
6 0.526123046875 0.4459635416666667 0.01806640625 0.04296875
4 0.557373046875 0.4912109375 0.08544921875 0.068359375
17 0.451171875 0.5231119791666666 0.6279296875 0.3990885416666667
9 0.458251953125 0.3619791666666667 0.04443359375 0.11848958333333333
9 0.4365234375 0.4723307291666667 0.11328125 0.087890625
5 0.42578125 0.3977864583333333 0.072265625 0.08463541666666667
0 0.358642578125 0.4524739583333333 0.07861328125 0.08072916666666667
0 0.546875 0.4212239583333333 0.048828125 0.05078125
6 0.494384765625 0.4231770833333333 0.07568359375 0.02734375
6 0.580322265625 0.4309895833333333 0.05810546875 0.052083333333333336
6 0.526123046875 0.4459635416666667 0.01806640625 0.04296875
4 0.557373046875 0.4912109375 0.08544921875 0.068359375
17 0.451171875 0.5231119791666666 0.6279296875 0.3990885416666667
