2 0.35302734375 0.408203125 0.1005859375 0.11848958333333333
3 0.253662109375 0.470703125 0.18017578125 0.125
10 0.274169921875 0.4072265625 0.06787109375 0.12044270833333333
5 0.4462890625 0.3870442708333333 0.0634765625 0.099609375
6 0.427490234375 0.4391276041666667 0.05712890625 0.043619791666666664
9 0.347412109375 0.3264973958333333 0.05126953125 0.061848958333333336
1 0.438232421875 0.4567057291666667 0.09423828125 0.041015625
17 0.31591796875 0.4446614583333333 0.521484375 0.23958333333333334
2 0.35302734375 0.408203125 0.1005859375 0.11848958333333333
3 0.253662109375 0.470703125 0.18017578125 0.125
10 0.274169921875 0.4072265625 0.06787109375 0.12044270833333333
5 0.4462890625 0.3870442708333333 0.0634765625 0.099609375
6 0.427490234375 0.4391276041666667 0.05712890625 0.043619791666666664
9 0.347412109375 0.3264973958333333 0.05126953125 0.061848958333333336
1 0.438232421875 0.4567057291666667 0.09423828125 0.041015625
17 0.31591796875 0.4446614583333333 0.521484375 0.23958333333333334
2 0.35302734375 0.408203125 0.1005859375 0.11848958333333333
3 0.253662109375 0.470703125 0.18017578125 0.125
10 0.274169921875 0.4072265625 0.06787109375 0.12044270833333333
5 0.4462890625 0.3870442708333333 0.0634765625 0.099609375
6 0.427490234375 0.4391276041666667 0.05712890625 0.043619791666666664
9 0.347412109375 0.3264973958333333 0.05126953125 0.061848958333333336
1 0.438232421875 0.4567057291666667 0.09423828125 0.041015625
17 0.31591796875 0.4446614583333333 0.521484375 0.23958333333333334
2 0.35302734375 0.408203125 0.1005859375 0.11848958333333333
3 0.253662109375 0.470703125 0.18017578125 0.125
10 0.274169921875 0.4072265625 0.06787109375 0.12044270833333333
5 0.4462890625 0.3870442708333333 0.0634765625 0.099609375
6 0.427490234375 0.4391276041666667 0.05712890625 0.043619791666666664
9 0.347412109375 0.3264973958333333 0.05126953125 0.061848958333333336
1 0.438232421875 0.4567057291666667 0.09423828125 0.041015625
17 0.31591796875 0.4446614583333333 0.521484375 0.23958333333333334
2 0.35302734375 0.408203125 0.1005859375 0.11848958333333333
3 0.253662109375 0.470703125 0.18017578125 0.125
10 0.274169921875 0.4072265625 0.06787109375 0.12044270833333333
5 0.4462890625 0.3870442708333333 0.0634765625 0.099609375
6 0.427490234375 0.4391276041666667 0.05712890625 0.043619791666666664
9 0.347412109375 0.3264973958333333 0.05126953125 0.061848958333333336
1 0.438232421875 0.4567057291666667 0.09423828125 0.041015625
17 0.31591796875 0.4446614583333333 0.521484375 0.23958333333333334
2 0.35302734375 0.408203125 0.1005859375 0.11848958333333333
3 0.253662109375 0.470703125 0.18017578125 0.125
10 0.274169921875 0.4072265625 0.06787109375 0.12044270833333333
5 0.4462890625 0.3870442708333333 0.0634765625 0.099609375
6 0.427490234375 0.4391276041666667 0.05712890625 0.043619791666666664
9 0.347412109375 0.3264973958333333 0.05126953125 0.061848958333333336
1 0.438232421875 0.4567057291666667 0.09423828125 0.041015625
17 0.31591796875 0.4446614583333333 0.521484375 0.23958333333333334
2 0.35302734375 0.408203125 0.1005859375 0.11848958333333333
3 0.253662109375 0.470703125 0.18017578125 0.125
10 0.274169921875 0.4072265625 0.06787109375 0.12044270833333333
5 0.4462890625 0.3870442708333333 0.0634765625 0.099609375
6 0.427490234375 0.4391276041666667 0.05712890625 0.043619791666666664
9 0.347412109375 0.3264973958333333 0.05126953125 0.061848958333333336
1 0.438232421875 0.4567057291666667 0.09423828125 0.041015625
17 0.31591796875 0.4446614583333333 0.521484375 0.23958333333333334
2 0.35302734375 0.408203125 0.1005859375 0.11848958333333333
3 0.253662109375 0.470703125 0.18017578125 0.125
10 0.274169921875 0.4072265625 0.06787109375 0.12044270833333333
5 0.4462890625 0.3870442708333333 0.0634765625 0.099609375
6 0.427490234375 0.4391276041666667 0.05712890625 0.043619791666666664
9 0.347412109375 0.3264973958333333 0.05126953125 0.061848958333333336
1 0.438232421875 0.4567057291666667 0.09423828125 0.041015625
17 0.31591796875 0.4446614583333333 0.521484375 0.23958333333333334
2 0.35302734375 0.408203125 0.1005859375 0.11848958333333333
3 0.253662109375 0.470703125 0.18017578125 0.125
10 0.274169921875 0.4072265625 0.06787109375 0.12044270833333333
5 0.4462890625 0.3870442708333333 0.0634765625 0.099609375
6 0.427490234375 0.4391276041666667 0.05712890625 0.043619791666666664
9 0.347412109375 0.3264973958333333 0.05126953125 0.061848958333333336
1 0.438232421875 0.4567057291666667 0.09423828125 0.041015625
17 0.31591796875 0.4446614583333333 0.521484375 0.23958333333333334
2 0.35302734375 0.408203125 0.1005859375 0.11848958333333333
3 0.253662109375 0.470703125 0.18017578125 0.125
10 0.274169921875 0.4072265625 0.06787109375 0.12044270833333333
5 0.4462890625 0.3870442708333333 0.0634765625 0.099609375
6 0.427490234375 0.4391276041666667 0.05712890625 0.043619791666666664
9 0.347412109375 0.3264973958333333 0.05126953125 0.061848958333333336
1 0.438232421875 0.4567057291666667 0.09423828125 0.041015625
17 0.31591796875 0.4446614583333333 0.521484375 0.23958333333333334
2 0.35302734375 0.408203125 0.1005859375 0.11848958333333333
3 0.253662109375 0.470703125 0.18017578125 0.125
10 0.274169921875 0.4072265625 0.06787109375 0.12044270833333333
5 0.4462890625 0.3870442708333333 0.0634765625 0.099609375
6 0.427490234375 0.4391276041666667 0.05712890625 0.043619791666666664
9 0.347412109375 0.3264973958333333 0.05126953125 0.061848958333333336
1 0.438232421875 0.4567057291666667 0.09423828125 0.041015625
17 0.31591796875 0.4446614583333333 0.521484375 0.23958333333333334
2 0.35302734375 0.408203125 0.1005859375 0.11848958333333333
3 0.253662109375 0.470703125 0.18017578125 0.125
10 0.274169921875 0.4072265625 0.06787109375 0.12044270833333333
5 0.4462890625 0.3870442708333333 0.0634765625 0.099609375
6 0.427490234375 0.4391276041666667 0.05712890625 0.043619791666666664
9 0.347412109375 0.3264973958333333 0.05126953125 0.061848958333333336
1 0.438232421875 0.4567057291666667 0.09423828125 0.041015625
17 0.31591796875 0.4446614583333333 0.521484375 0.23958333333333334
