12 0.311279296875 0.3346354166666667 0.06201171875 0.24739583333333334
11 0.40869140625 0.4046223958333333 0.099609375 0.051432291666666664
0 0.43017578125 0.4401041666666667 0.0947265625 0.055989583333333336
5 0.47314453125 0.3551432291666667 0.06640625 0.09049479166666667
17 0.36865234375 0.4485677083333333 0.552734375 0.3450520833333333
12 0.311279296875 0.3346354166666667 0.06201171875 0.24739583333333334
11 0.40869140625 0.4046223958333333 0.099609375 0.051432291666666664
0 0.43017578125 0.4401041666666667 0.0947265625 0.055989583333333336
5 0.47314453125 0.3551432291666667 0.06640625 0.09049479166666667
17 0.36865234375 0.4485677083333333 0.552734375 0.3450520833333333
12 0.311279296875 0.3346354166666667 0.06201171875 0.24739583333333334
11 0.40869140625 0.4046223958333333 0.099609375 0.051432291666666664
0 0.43017578125 0.4401041666666667 0.0947265625 0.055989583333333336
5 0.47314453125 0.3551432291666667 0.06640625 0.09049479166666667
17 0.36865234375 0.4485677083333333 0.552734375 0.3450520833333333
