2 0.47705078125 0.3564453125 0.0830078125 0.099609375
2 0.39453125 0.3479817708333333 0.0693359375 0.09049479166666667
12 0.357421875 0.3629557291666667 0.119140625 0.07877604166666667
10 0.440673828125 0.2893880208333333 0.04150390625 0.16861979166666666
8 0.52587890625 0.3258463541666667 0.1181640625 0.06966145833333333
4 0.5615234375 0.3639322916666667 0.0556640625 0.037760416666666664
6 0.523681640625 0.39453125 0.02587890625 0.03515625
7 0.37548828125 0.3001302083333333 0.0400390625 0.045572916666666664
17 0.491943359375 0.3795572916666667 0.44091796875 0.21484375
2 0.47705078125 0.3564453125 0.0830078125 0.099609375
2 0.39453125 0.3479817708333333 0.0693359375 0.09049479166666667
12 0.357421875 0.3629557291666667 0.119140625 0.07877604166666667
10 0.440673828125 0.2893880208333333 0.04150390625 0.16861979166666666
8 0.52587890625 0.3258463541666667 0.1181640625 0.06966145833333333
4 0.5615234375 0.3639322916666667 0.0556640625 0.037760416666666664
6 0.523681640625 0.39453125 0.02587890625 0.03515625
7 0.37548828125 0.3001302083333333 0.0400390625 0.045572916666666664
17 0.491943359375 0.3795572916666667 0.44091796875 0.21484375
2 0.47705078125 0.3564453125 0.0830078125 0.099609375
2 0.39453125 0.3479817708333333 0.0693359375 0.09049479166666667
12 0.357421875 0.3629557291666667 0.119140625 0.07877604166666667
10 0.440673828125 0.2893880208333333 0.04150390625 0.16861979166666666
8 0.52587890625 0.3258463541666667 0.1181640625 0.06966145833333333
4 0.5615234375 0.3639322916666667 0.0556640625 0.037760416666666664
6 0.523681640625 0.39453125 0.02587890625 0.03515625
7 0.37548828125 0.3001302083333333 0.0400390625 0.045572916666666664
17 0.491943359375 0.3795572916666667 0.44091796875 0.21484375
2 0.47705078125 0.3564453125 0.0830078125 0.099609375
2 0.39453125 0.3479817708333333 0.0693359375 0.09049479166666667
12 0.357421875 0.3629557291666667 0.119140625 0.07877604166666667
10 0.440673828125 0.2893880208333333 0.04150390625 0.16861979166666666
8 0.52587890625 0.3258463541666667 0.1181640625 0.06966145833333333
4 0.5615234375 0.3639322916666667 0.0556640625 0.037760416666666664
6 0.523681640625 0.39453125 0.02587890625 0.03515625
7 0.37548828125 0.3001302083333333 0.0400390625 0.045572916666666664
17 0.491943359375 0.3795572916666667 0.44091796875 0.21484375
2 0.47705078125 0.3564453125 0.0830078125 0.099609375
2 0.39453125 0.3479817708333333 0.0693359375 0.09049479166666667
12 0.357421875 0.3629557291666667 0.119140625 0.07877604166666667
10 0.440673828125 0.2893880208333333 0.04150390625 0.16861979166666666
8 0.52587890625 0.3258463541666667 0.1181640625 0.06966145833333333
4 0.5615234375 0.3639322916666667 0.0556640625 0.037760416666666664
6 0.523681640625 0.39453125 0.02587890625 0.03515625
7 0.37548828125 0.3001302083333333 0.0400390625 0.045572916666666664
17 0.491943359375 0.3795572916666667 0.44091796875 0.21484375
2 0.47705078125 0.3564453125 0.0830078125 0.099609375
2 0.39453125 0.3479817708333333 0.0693359375 0.09049479166666667
12 0.357421875 0.3629557291666667 0.119140625 0.07877604166666667
10 0.440673828125 0.2893880208333333 0.04150390625 0.16861979166666666
8 0.52587890625 0.3258463541666667 0.1181640625 0.06966145833333333
4 0.5615234375 0.3639322916666667 0.0556640625 0.037760416666666664
6 0.523681640625 0.39453125 0.02587890625 0.03515625
7 0.37548828125 0.3001302083333333 0.0400390625 0.045572916666666664
17 0.491943359375 0.3795572916666667 0.44091796875 0.21484375
2 0.47705078125 0.3564453125 0.0830078125 0.099609375
2 0.39453125 0.3479817708333333 0.0693359375 0.09049479166666667
12 0.357421875 0.3629557291666667 0.119140625 0.07877604166666667
10 0.440673828125 0.2893880208333333 0.04150390625 0.16861979166666666
8 0.52587890625 0.3258463541666667 0.1181640625 0.06966145833333333
4 0.5615234375 0.3639322916666667 0.0556640625 0.037760416666666664
6 0.523681640625 0.39453125 0.02587890625 0.03515625
7 0.37548828125 0.3001302083333333 0.0400390625 0.045572916666666664
17 0.491943359375 0.3795572916666667 0.44091796875 0.21484375
2 0.47705078125 0.3564453125 0.0830078125 0.099609375
2 0.39453125 0.3479817708333333 0.0693359375 0.09049479166666667
12 0.357421875 0.3629557291666667 0.119140625 0.07877604166666667
10 0.440673828125 0.2893880208333333 0.04150390625 0.16861979166666666
8 0.52587890625 0.3258463541666667 0.1181640625 0.06966145833333333
4 0.5615234375 0.3639322916666667 0.0556640625 0.037760416666666664
6 0.523681640625 0.39453125 0.02587890625 0.03515625
7 0.37548828125 0.3001302083333333 0.0400390625 0.045572916666666664
17 0.491943359375 0.3795572916666667 0.44091796875 0.21484375
2 0.47705078125 0.3564453125 0.0830078125 0.099609375
2 0.39453125 0.3479817708333333 0.0693359375 0.09049479166666667
12 0.357421875 0.3629557291666667 0.119140625 0.07877604166666667
10 0.440673828125 0.2893880208333333 0.04150390625 0.16861979166666666
8 0.52587890625 0.3258463541666667 0.1181640625 0.06966145833333333
4 0.5615234375 0.3639322916666667 0.0556640625 0.037760416666666664
6 0.523681640625 0.39453125 0.02587890625 0.03515625
7 0.37548828125 0.3001302083333333 0.0400390625 0.045572916666666664
17 0.491943359375 0.3795572916666667 0.44091796875 0.21484375
2 0.47705078125 0.3564453125 0.0830078125 0.099609375
2 0.39453125 0.3479817708333333 0.0693359375 0.09049479166666667
12 0.357421875 0.3629557291666667 0.119140625 0.07877604166666667
10 0.440673828125 0.2893880208333333 0.04150390625 0.16861979166666666
8 0.52587890625 0.3258463541666667 0.1181640625 0.06966145833333333
4 0.5615234375 0.3639322916666667 0.0556640625 0.037760416666666664
6 0.523681640625 0.39453125 0.02587890625 0.03515625
7 0.37548828125 0.3001302083333333 0.0400390625 0.045572916666666664
17 0.491943359375 0.3795572916666667 0.44091796875 0.21484375
2 0.47705078125 0.3564453125 0.0830078125 0.099609375
2 0.39453125 0.3479817708333333 0.0693359375 0.09049479166666667
12 0.357421875 0.3629557291666667 0.119140625 0.07877604166666667
10 0.440673828125 0.2893880208333333 0.04150390625 0.16861979166666666
8 0.52587890625 0.3258463541666667 0.1181640625 0.06966145833333333
4 0.5615234375 0.3639322916666667 0.0556640625 0.037760416666666664
6 0.523681640625 0.39453125 0.02587890625 0.03515625
7 0.37548828125 0.3001302083333333 0.0400390625 0.045572916666666664
17 0.491943359375 0.3795572916666667 0.44091796875 0.21484375
2 0.47705078125 0.3564453125 0.0830078125 0.099609375
2 0.39453125 0.3479817708333333 0.0693359375 0.09049479166666667
12 0.357421875 0.3629557291666667 0.119140625 0.07877604166666667
10 0.440673828125 0.2893880208333333 0.04150390625 0.16861979166666666
8 0.52587890625 0.3258463541666667 0.1181640625 0.06966145833333333
4 0.5615234375 0.3639322916666667 0.0556640625 0.037760416666666664
6 0.523681640625 0.39453125 0.02587890625 0.03515625
7 0.37548828125 0.3001302083333333 0.0400390625 0.045572916666666664
17 0.491943359375 0.3795572916666667 0.44091796875 0.21484375
