7 0.359130859375 0.3470052083333333 0.12060546875 0.061197916666666664
11 0.4365234375 0.3466796875 0.0341796875 0.08658854166666667
11 0.4765625 0.3528645833333333 0.0439453125 0.08203125
17 0.416259765625 0.3795572916666667 0.41552734375 0.20442708333333334
7 0.359130859375 0.3470052083333333 0.12060546875 0.061197916666666664
11 0.4365234375 0.3466796875 0.0341796875 0.08658854166666667
11 0.4765625 0.3528645833333333 0.0439453125 0.08203125
17 0.416259765625 0.3795572916666667 0.41552734375 0.20442708333333334
7 0.359130859375 0.3470052083333333 0.12060546875 0.061197916666666664
11 0.4365234375 0.3466796875 0.0341796875 0.08658854166666667
11 0.4765625 0.3528645833333333 0.0439453125 0.08203125
17 0.416259765625 0.3795572916666667 0.41552734375 0.20442708333333334
7 0.359130859375 0.3470052083333333 0.12060546875 0.061197916666666664
11 0.4365234375 0.3466796875 0.0341796875 0.08658854166666667
11 0.4765625 0.3528645833333333 0.0439453125 0.08203125
17 0.416259765625 0.3795572916666667 0.41552734375 0.20442708333333334
7 0.359130859375 0.3470052083333333 0.12060546875 0.061197916666666664
11 0.4365234375 0.3466796875 0.0341796875 0.08658854166666667
11 0.4765625 0.3528645833333333 0.0439453125 0.08203125
17 0.416259765625 0.3795572916666667 0.41552734375 0.20442708333333334
