3 0.503662109375 0.5341796875 0.37939453125 0.16080729166666666
8 0.3427734375 0.3782552083333333 0.212890625 0.12369791666666667
10 0.453369140625 0.333984375 0.14404296875 0.12239583333333333
9 0.5341796875 0.4153645833333333 0.1044921875 0.08333333333333333
0 0.414794921875 0.4423828125 0.12353515625 0.060546875
6 0.339599609375 0.4430338541666667 0.08154296875 0.052734375
2 0.5830078125 0.39453125 0.0888671875 0.09635416666666667
1 0.607177734375 0.4586588541666667 0.12353515625 0.06966145833333333
17 0.46044921875 0.4501953125 0.578125 0.3131510416666667
3 0.503662109375 0.5341796875 0.37939453125 0.16080729166666666
8 0.3427734375 0.3782552083333333 0.212890625 0.12369791666666667
10 0.453369140625 0.333984375 0.14404296875 0.12239583333333333
9 0.5341796875 0.4153645833333333 0.1044921875 0.08333333333333333
0 0.414794921875 0.4423828125 0.12353515625 0.060546875
6 0.339599609375 0.4430338541666667 0.08154296875 0.052734375
2 0.5830078125 0.39453125 0.0888671875 0.09635416666666667
1 0.607177734375 0.4586588541666667 0.12353515625 0.06966145833333333
17 0.46044921875 0.4501953125 0.578125 0.3131510416666667
3 0.503662109375 0.5341796875 0.37939453125 0.16080729166666666
8 0.3427734375 0.3782552083333333 0.212890625 0.12369791666666667
10 0.453369140625 0.333984375 0.14404296875 0.12239583333333333
9 0.5341796875 0.4153645833333333 0.1044921875 0.08333333333333333
0 0.414794921875 0.4423828125 0.12353515625 0.060546875
6 0.339599609375 0.4430338541666667 0.08154296875 0.052734375
2 0.5830078125 0.39453125 0.0888671875 0.09635416666666667
1 0.607177734375 0.4586588541666667 0.12353515625 0.06966145833333333
17 0.46044921875 0.4501953125 0.578125 0.3131510416666667
3 0.503662109375 0.5341796875 0.37939453125 0.16080729166666666
8 0.3427734375 0.3782552083333333 0.212890625 0.12369791666666667
10 0.453369140625 0.333984375 0.14404296875 0.12239583333333333
9 0.5341796875 0.4153645833333333 0.1044921875 0.08333333333333333
0 0.414794921875 0.4423828125 0.12353515625 0.060546875
6 0.339599609375 0.4430338541666667 0.08154296875 0.052734375
2 0.5830078125 0.39453125 0.0888671875 0.09635416666666667
1 0.607177734375 0.4586588541666667 0.12353515625 0.06966145833333333
17 0.46044921875 0.4501953125 0.578125 0.3131510416666667
3 0.503662109375 0.5341796875 0.37939453125 0.16080729166666666
8 0.3427734375 0.3782552083333333 0.212890625 0.12369791666666667
10 0.453369140625 0.333984375 0.14404296875 0.12239583333333333
9 0.5341796875 0.4153645833333333 0.1044921875 0.08333333333333333
0 0.414794921875 0.4423828125 0.12353515625 0.060546875
6 0.339599609375 0.4430338541666667 0.08154296875 0.052734375
2 0.5830078125 0.39453125 0.0888671875 0.09635416666666667
1 0.607177734375 0.4586588541666667 0.12353515625 0.06966145833333333
17 0.46044921875 0.4501953125 0.578125 0.3131510416666667
3 0.503662109375 0.5341796875 0.37939453125 0.16080729166666666
8 0.3427734375 0.3782552083333333 0.212890625 0.12369791666666667
10 0.453369140625 0.333984375 0.14404296875 0.12239583333333333
9 0.5341796875 0.4153645833333333 0.1044921875 0.08333333333333333
0 0.414794921875 0.4423828125 0.12353515625 0.060546875
6 0.339599609375 0.4430338541666667 0.08154296875 0.052734375
2 0.5830078125 0.39453125 0.0888671875 0.09635416666666667
1 0.607177734375 0.4586588541666667 0.12353515625 0.06966145833333333
17 0.46044921875 0.4501953125 0.578125 0.3131510416666667
3 0.503662109375 0.5341796875 0.37939453125 0.16080729166666666
8 0.3427734375 0.3782552083333333 0.212890625 0.12369791666666667
10 0.453369140625 0.333984375 0.14404296875 0.12239583333333333
9 0.5341796875 0.4153645833333333 0.1044921875 0.08333333333333333
0 0.414794921875 0.4423828125 0.12353515625 0.060546875
6 0.339599609375 0.4430338541666667 0.08154296875 0.052734375
2 0.5830078125 0.39453125 0.0888671875 0.09635416666666667
1 0.607177734375 0.4586588541666667 0.12353515625 0.06966145833333333
17 0.46044921875 0.4501953125 0.578125 0.3131510416666667
3 0.503662109375 0.5341796875 0.37939453125 0.16080729166666666
8 0.3427734375 0.3782552083333333 0.212890625 0.12369791666666667
10 0.453369140625 0.333984375 0.14404296875 0.12239583333333333
9 0.5341796875 0.4153645833333333 0.1044921875 0.08333333333333333
0 0.414794921875 0.4423828125 0.12353515625 0.060546875
6 0.339599609375 0.4430338541666667 0.08154296875 0.052734375
2 0.5830078125 0.39453125 0.0888671875 0.09635416666666667
1 0.607177734375 0.4586588541666667 0.12353515625 0.06966145833333333
17 0.46044921875 0.4501953125 0.578125 0.3131510416666667
3 0.503662109375 0.5341796875 0.37939453125 0.16080729166666666
8 0.3427734375 0.3782552083333333 0.212890625 0.12369791666666667
10 0.453369140625 0.333984375 0.14404296875 0.12239583333333333
9 0.5341796875 0.4153645833333333 0.1044921875 0.08333333333333333
0 0.414794921875 0.4423828125 0.12353515625 0.060546875
6 0.339599609375 0.4430338541666667 0.08154296875 0.052734375
2 0.5830078125 0.39453125 0.0888671875 0.09635416666666667
1 0.607177734375 0.4586588541666667 0.12353515625 0.06966145833333333
17 0.46044921875 0.4501953125 0.578125 0.3131510416666667
3 0.503662109375 0.5341796875 0.37939453125 0.16080729166666666
8 0.3427734375 0.3782552083333333 0.212890625 0.12369791666666667
10 0.453369140625 0.333984375 0.14404296875 0.12239583333333333
9 0.5341796875 0.4153645833333333 0.1044921875 0.08333333333333333
0 0.414794921875 0.4423828125 0.12353515625 0.060546875
6 0.339599609375 0.4430338541666667 0.08154296875 0.052734375
2 0.5830078125 0.39453125 0.0888671875 0.09635416666666667
1 0.607177734375 0.4586588541666667 0.12353515625 0.06966145833333333
17 0.46044921875 0.4501953125 0.578125 0.3131510416666667
3 0.503662109375 0.5341796875 0.37939453125 0.16080729166666666
8 0.3427734375 0.3782552083333333 0.212890625 0.12369791666666667
10 0.453369140625 0.333984375 0.14404296875 0.12239583333333333
9 0.5341796875 0.4153645833333333 0.1044921875 0.08333333333333333
0 0.414794921875 0.4423828125 0.12353515625 0.060546875
6 0.339599609375 0.4430338541666667 0.08154296875 0.052734375
2 0.5830078125 0.39453125 0.0888671875 0.09635416666666667
1 0.607177734375 0.4586588541666667 0.12353515625 0.06966145833333333
17 0.46044921875 0.4501953125 0.578125 0.3131510416666667
3 0.503662109375 0.5341796875 0.37939453125 0.16080729166666666
8 0.3427734375 0.3782552083333333 0.212890625 0.12369791666666667
10 0.453369140625 0.333984375 0.14404296875 0.12239583333333333
9 0.5341796875 0.4153645833333333 0.1044921875 0.08333333333333333
0 0.414794921875 0.4423828125 0.12353515625 0.060546875
6 0.339599609375 0.4430338541666667 0.08154296875 0.052734375
2 0.5830078125 0.39453125 0.0888671875 0.09635416666666667
1 0.607177734375 0.4586588541666667 0.12353515625 0.06966145833333333
17 0.46044921875 0.4501953125 0.578125 0.3131510416666667
