5 0.32177734375 0.4091796875 0.083984375 0.095703125
12 0.493408203125 0.3020833333333333 0.04443359375 0.20833333333333334
4 0.3759765625 0.4612630208333333 0.076171875 0.052734375
6 0.490966796875 0.4459635416666667 0.12060546875 0.040364583333333336
11 0.41943359375 0.4078776041666667 0.103515625 0.054036458333333336
0 0.564697265625 0.4342447916666667 0.08154296875 0.029947916666666668
1 0.413818359375 0.4853515625 0.25244140625 0.048828125
17 0.412353515625 0.4527994791666667 0.56103515625 0.3391927083333333
5 0.32177734375 0.4091796875 0.083984375 0.095703125
12 0.493408203125 0.3020833333333333 0.04443359375 0.20833333333333334
4 0.3759765625 0.4612630208333333 0.076171875 0.052734375
6 0.490966796875 0.4459635416666667 0.12060546875 0.040364583333333336
11 0.41943359375 0.4078776041666667 0.103515625 0.054036458333333336
0 0.564697265625 0.4342447916666667 0.08154296875 0.029947916666666668
1 0.413818359375 0.4853515625 0.25244140625 0.048828125
17 0.412353515625 0.4527994791666667 0.56103515625 0.3391927083333333
5 0.32177734375 0.4091796875 0.083984375 0.095703125
12 0.493408203125 0.3020833333333333 0.04443359375 0.20833333333333334
4 0.3759765625 0.4612630208333333 0.076171875 0.052734375
6 0.490966796875 0.4459635416666667 0.12060546875 0.040364583333333336
11 0.41943359375 0.4078776041666667 0.103515625 0.054036458333333336
0 0.564697265625 0.4342447916666667 0.08154296875 0.029947916666666668
1 0.413818359375 0.4853515625 0.25244140625 0.048828125
17 0.412353515625 0.4527994791666667 0.56103515625 0.3391927083333333
5 0.32177734375 0.4091796875 0.083984375 0.095703125
12 0.493408203125 0.3020833333333333 0.04443359375 0.20833333333333334
4 0.3759765625 0.4612630208333333 0.076171875 0.052734375
6 0.490966796875 0.4459635416666667 0.12060546875 0.040364583333333336
11 0.41943359375 0.4078776041666667 0.103515625 0.054036458333333336
0 0.564697265625 0.4342447916666667 0.08154296875 0.029947916666666668
1 0.413818359375 0.4853515625 0.25244140625 0.048828125
17 0.412353515625 0.4527994791666667 0.56103515625 0.3391927083333333
5 0.32177734375 0.4091796875 0.083984375 0.095703125
12 0.493408203125 0.3020833333333333 0.04443359375 0.20833333333333334
4 0.3759765625 0.4612630208333333 0.076171875 0.052734375
6 0.490966796875 0.4459635416666667 0.12060546875 0.040364583333333336
11 0.41943359375 0.4078776041666667 0.103515625 0.054036458333333336
0 0.564697265625 0.4342447916666667 0.08154296875 0.029947916666666668
1 0.413818359375 0.4853515625 0.25244140625 0.048828125
17 0.412353515625 0.4527994791666667 0.56103515625 0.3391927083333333
