11 0.333984375 0.4095052083333333 0.0673828125 0.046875
11 0.426513671875 0.3717447916666667 0.04345703125 0.08984375
5 0.47998046875 0.4137369791666667 0.06640625 0.10872395833333333
3 0.521240234375 0.3255208333333333 0.17333984375 0.3125
12 0.568115234375 0.3994140625 0.10693359375 0.08138020833333333
17 0.531005859375 0.4228515625 0.47412109375 0.248046875
11 0.333984375 0.4095052083333333 0.0673828125 0.046875
11 0.426513671875 0.3717447916666667 0.04345703125 0.08984375
5 0.47998046875 0.4137369791666667 0.06640625 0.10872395833333333
3 0.521240234375 0.3255208333333333 0.17333984375 0.3125
12 0.568115234375 0.3994140625 0.10693359375 0.08138020833333333
17 0.531005859375 0.4228515625 0.47412109375 0.248046875
11 0.333984375 0.4095052083333333 0.0673828125 0.046875
11 0.426513671875 0.3717447916666667 0.04345703125 0.08984375
5 0.47998046875 0.4137369791666667 0.06640625 0.10872395833333333
3 0.521240234375 0.3255208333333333 0.17333984375 0.3125
12 0.568115234375 0.3994140625 0.10693359375 0.08138020833333333
17 0.531005859375 0.4228515625 0.47412109375 0.248046875
11 0.333984375 0.4095052083333333 0.0673828125 0.046875
11 0.426513671875 0.3717447916666667 0.04345703125 0.08984375
5 0.47998046875 0.4137369791666667 0.06640625 0.10872395833333333
3 0.521240234375 0.3255208333333333 0.17333984375 0.3125
12 0.568115234375 0.3994140625 0.10693359375 0.08138020833333333
17 0.531005859375 0.4228515625 0.47412109375 0.248046875
11 0.333984375 0.4095052083333333 0.0673828125 0.046875
11 0.426513671875 0.3717447916666667 0.04345703125 0.08984375
5 0.47998046875 0.4137369791666667 0.06640625 0.10872395833333333
3 0.521240234375 0.3255208333333333 0.17333984375 0.3125
12 0.568115234375 0.3994140625 0.10693359375 0.08138020833333333
17 0.531005859375 0.4228515625 0.47412109375 0.248046875
11 0.333984375 0.4095052083333333 0.0673828125 0.046875
11 0.426513671875 0.3717447916666667 0.04345703125 0.08984375
5 0.47998046875 0.4137369791666667 0.06640625 0.10872395833333333
3 0.521240234375 0.3255208333333333 0.17333984375 0.3125
12 0.568115234375 0.3994140625 0.10693359375 0.08138020833333333
17 0.531005859375 0.4228515625 0.47412109375 0.248046875
11 0.333984375 0.4095052083333333 0.0673828125 0.046875
11 0.426513671875 0.3717447916666667 0.04345703125 0.08984375
5 0.47998046875 0.4137369791666667 0.06640625 0.10872395833333333
3 0.521240234375 0.3255208333333333 0.17333984375 0.3125
12 0.568115234375 0.3994140625 0.10693359375 0.08138020833333333
17 0.531005859375 0.4228515625 0.47412109375 0.248046875
11 0.333984375 0.4095052083333333 0.0673828125 0.046875
11 0.426513671875 0.3717447916666667 0.04345703125 0.08984375
5 0.47998046875 0.4137369791666667 0.06640625 0.10872395833333333
3 0.521240234375 0.3255208333333333 0.17333984375 0.3125
12 0.568115234375 0.3994140625 0.10693359375 0.08138020833333333
17 0.531005859375 0.4228515625 0.47412109375 0.248046875
11 0.333984375 0.4095052083333333 0.0673828125 0.046875
11 0.426513671875 0.3717447916666667 0.04345703125 0.08984375
5 0.47998046875 0.4137369791666667 0.06640625 0.10872395833333333
3 0.521240234375 0.3255208333333333 0.17333984375 0.3125
12 0.568115234375 0.3994140625 0.10693359375 0.08138020833333333
17 0.531005859375 0.4228515625 0.47412109375 0.248046875
11 0.333984375 0.4095052083333333 0.0673828125 0.046875
11 0.426513671875 0.3717447916666667 0.04345703125 0.08984375
5 0.47998046875 0.4137369791666667 0.06640625 0.10872395833333333
3 0.521240234375 0.3255208333333333 0.17333984375 0.3125
12 0.568115234375 0.3994140625 0.10693359375 0.08138020833333333
17 0.531005859375 0.4228515625 0.47412109375 0.248046875
11 0.333984375 0.4095052083333333 0.0673828125 0.046875
11 0.426513671875 0.3717447916666667 0.04345703125 0.08984375
5 0.47998046875 0.4137369791666667 0.06640625 0.10872395833333333
3 0.521240234375 0.3255208333333333 0.17333984375 0.3125
12 0.568115234375 0.3994140625 0.10693359375 0.08138020833333333
17 0.531005859375 0.4228515625 0.47412109375 0.248046875
11 0.333984375 0.4095052083333333 0.0673828125 0.046875
11 0.426513671875 0.3717447916666667 0.04345703125 0.08984375
5 0.47998046875 0.4137369791666667 0.06640625 0.10872395833333333
3 0.521240234375 0.3255208333333333 0.17333984375 0.3125
12 0.568115234375 0.3994140625 0.10693359375 0.08138020833333333
17 0.531005859375 0.4228515625 0.47412109375 0.248046875
