9 0.412109375 0.5830078125 0.037109375 0.08528645833333333
10 0.48583984375 0.6077473958333334 0.0458984375 0.08919270833333333
7 0.427001953125 0.7063802083333334 0.13720703125 0.06510416666666667
1 0.51806640625 0.7184244791666666 0.115234375 0.11783854166666667
6 0.602294921875 0.6712239583333334 0.05419921875 0.06770833333333333
0 0.55859375 0.6487630208333334 0.072265625 0.039713541666666664
1 0.56640625 0.6097005208333334 0.111328125 0.07747395833333333
3 0.4775390625 0.6722005208333334 0.2236328125 0.12955729166666666
17 0.462890625 0.6875 0.375 0.31640625
9 0.412109375 0.5830078125 0.037109375 0.08528645833333333
10 0.48583984375 0.6077473958333334 0.0458984375 0.08919270833333333
7 0.427001953125 0.7063802083333334 0.13720703125 0.06510416666666667
1 0.51806640625 0.7184244791666666 0.115234375 0.11783854166666667
6 0.602294921875 0.6712239583333334 0.05419921875 0.06770833333333333
0 0.55859375 0.6487630208333334 0.072265625 0.039713541666666664
1 0.56640625 0.6097005208333334 0.111328125 0.07747395833333333
3 0.4775390625 0.6722005208333334 0.2236328125 0.12955729166666666
17 0.462890625 0.6875 0.375 0.31640625
9 0.412109375 0.5830078125 0.037109375 0.08528645833333333
10 0.48583984375 0.6077473958333334 0.0458984375 0.08919270833333333
7 0.427001953125 0.7063802083333334 0.13720703125 0.06510416666666667
1 0.51806640625 0.7184244791666666 0.115234375 0.11783854166666667
6 0.602294921875 0.6712239583333334 0.05419921875 0.06770833333333333
0 0.55859375 0.6487630208333334 0.072265625 0.039713541666666664
1 0.56640625 0.6097005208333334 0.111328125 0.07747395833333333
3 0.4775390625 0.6722005208333334 0.2236328125 0.12955729166666666
17 0.462890625 0.6875 0.375 0.31640625
9 0.412109375 0.5830078125 0.037109375 0.08528645833333333
10 0.48583984375 0.6077473958333334 0.0458984375 0.08919270833333333
7 0.427001953125 0.7063802083333334 0.13720703125 0.06510416666666667
1 0.51806640625 0.7184244791666666 0.115234375 0.11783854166666667
6 0.602294921875 0.6712239583333334 0.05419921875 0.06770833333333333
0 0.55859375 0.6487630208333334 0.072265625 0.039713541666666664
1 0.56640625 0.6097005208333334 0.111328125 0.07747395833333333
3 0.4775390625 0.6722005208333334 0.2236328125 0.12955729166666666
17 0.462890625 0.6875 0.375 0.31640625
9 0.412109375 0.5830078125 0.037109375 0.08528645833333333
10 0.48583984375 0.6077473958333334 0.0458984375 0.08919270833333333
7 0.427001953125 0.7063802083333334 0.13720703125 0.06510416666666667
1 0.51806640625 0.7184244791666666 0.115234375 0.11783854166666667
6 0.602294921875 0.6712239583333334 0.05419921875 0.06770833333333333
0 0.55859375 0.6487630208333334 0.072265625 0.039713541666666664
1 0.56640625 0.6097005208333334 0.111328125 0.07747395833333333
3 0.4775390625 0.6722005208333334 0.2236328125 0.12955729166666666
17 0.462890625 0.6875 0.375 0.31640625
