9 0.333984375 0.3824869791666667 0.0537109375 0.123046875
5 0.443359375 0.431640625 0.072265625 0.140625
9 0.500732421875 0.4772135416666667 0.07861328125 0.11588541666666667
4 0.55712890625 0.4453125 0.0498046875 0.06640625
0 0.35791015625 0.4986979166666667 0.0478515625 0.08723958333333333
6 0.388427734375 0.4479166666666667 0.04638671875 0.057291666666666664
17 0.483642578125 0.51953125 0.62158203125 0.37109375
9 0.333984375 0.3824869791666667 0.0537109375 0.123046875
5 0.443359375 0.431640625 0.072265625 0.140625
9 0.500732421875 0.4772135416666667 0.07861328125 0.11588541666666667
4 0.55712890625 0.4453125 0.0498046875 0.06640625
0 0.35791015625 0.4986979166666667 0.0478515625 0.08723958333333333
6 0.388427734375 0.4479166666666667 0.04638671875 0.057291666666666664
17 0.483642578125 0.51953125 0.62158203125 0.37109375
9 0.333984375 0.3824869791666667 0.0537109375 0.123046875
5 0.443359375 0.431640625 0.072265625 0.140625
9 0.500732421875 0.4772135416666667 0.07861328125 0.11588541666666667
4 0.55712890625 0.4453125 0.0498046875 0.06640625
0 0.35791015625 0.4986979166666667 0.0478515625 0.08723958333333333
6 0.388427734375 0.4479166666666667 0.04638671875 0.057291666666666664
17 0.483642578125 0.51953125 0.62158203125 0.37109375
9 0.333984375 0.3824869791666667 0.0537109375 0.123046875
5 0.443359375 0.431640625 0.072265625 0.140625
9 0.500732421875 0.4772135416666667 0.07861328125 0.11588541666666667
4 0.55712890625 0.4453125 0.0498046875 0.06640625
0 0.35791015625 0.4986979166666667 0.0478515625 0.08723958333333333
6 0.388427734375 0.4479166666666667 0.04638671875 0.057291666666666664
17 0.483642578125 0.51953125 0.62158203125 0.37109375
9 0.333984375 0.3824869791666667 0.0537109375 0.123046875
5 0.443359375 0.431640625 0.072265625 0.140625
9 0.500732421875 0.4772135416666667 0.07861328125 0.11588541666666667
4 0.55712890625 0.4453125 0.0498046875 0.06640625
0 0.35791015625 0.4986979166666667 0.0478515625 0.08723958333333333
6 0.388427734375 0.4479166666666667 0.04638671875 0.057291666666666664
17 0.483642578125 0.51953125 0.62158203125 0.37109375
