11 0.315673828125 0.3225911458333333 0.04248046875 0.07747395833333333
11 0.356201171875 0.306640625 0.03662109375 0.0390625
10 0.402587890625 0.3522135416666667 0.13720703125 0.057291666666666664
11 0.47216796875 0.2490234375 0.0869140625 0.047526041666666664
11 0.469970703125 0.32421875 0.04052734375 0.10286458333333333
9 0.414794921875 0.2985026041666667 0.03857421875 0.056640625
17 0.402099609375 0.3629557291666667 0.46240234375 0.2649739583333333
11 0.315673828125 0.3225911458333333 0.04248046875 0.07747395833333333
11 0.356201171875 0.306640625 0.03662109375 0.0390625
10 0.402587890625 0.3522135416666667 0.13720703125 0.057291666666666664
11 0.47216796875 0.2490234375 0.0869140625 0.047526041666666664
11 0.469970703125 0.32421875 0.04052734375 0.10286458333333333
9 0.414794921875 0.2985026041666667 0.03857421875 0.056640625
17 0.402099609375 0.3629557291666667 0.46240234375 0.2649739583333333
11 0.315673828125 0.3225911458333333 0.04248046875 0.07747395833333333
11 0.356201171875 0.306640625 0.03662109375 0.0390625
10 0.402587890625 0.3522135416666667 0.13720703125 0.057291666666666664
11 0.47216796875 0.2490234375 0.0869140625 0.047526041666666664
11 0.469970703125 0.32421875 0.04052734375 0.10286458333333333
9 0.414794921875 0.2985026041666667 0.03857421875 0.056640625
17 0.402099609375 0.3629557291666667 0.46240234375 0.2649739583333333
11 0.315673828125 0.3225911458333333 0.04248046875 0.07747395833333333
11 0.356201171875 0.306640625 0.03662109375 0.0390625
10 0.402587890625 0.3522135416666667 0.13720703125 0.057291666666666664
11 0.47216796875 0.2490234375 0.0869140625 0.047526041666666664
11 0.469970703125 0.32421875 0.04052734375 0.10286458333333333
9 0.414794921875 0.2985026041666667 0.03857421875 0.056640625
17 0.402099609375 0.3629557291666667 0.46240234375 0.2649739583333333
11 0.315673828125 0.3225911458333333 0.04248046875 0.07747395833333333
11 0.356201171875 0.306640625 0.03662109375 0.0390625
10 0.402587890625 0.3522135416666667 0.13720703125 0.057291666666666664
11 0.47216796875 0.2490234375 0.0869140625 0.047526041666666664
11 0.469970703125 0.32421875 0.04052734375 0.10286458333333333
9 0.414794921875 0.2985026041666667 0.03857421875 0.056640625
17 0.402099609375 0.3629557291666667 0.46240234375 0.2649739583333333
