3 0.3720703125 0.359375 0.326171875 0.11979166666666667
1 0.331298828125 0.4482421875 0.14111328125 0.15169270833333334
9 0.41796875 0.3922526041666667 0.056640625 0.13216145833333334
6 0.4052734375 0.318359375 0.107421875 0.03125
10 0.4794921875 0.361328125 0.083984375 0.07291666666666667
1 0.207275390625 0.4169921875 0.07470703125 0.011067708333333334
5 0.271484375 0.4036458333333333 0.076171875 0.109375
17 0.384521484375 0.4560546875 0.50830078125 0.283203125
3 0.3720703125 0.359375 0.326171875 0.11979166666666667
1 0.331298828125 0.4482421875 0.14111328125 0.15169270833333334
9 0.41796875 0.3922526041666667 0.056640625 0.13216145833333334
6 0.4052734375 0.318359375 0.107421875 0.03125
10 0.4794921875 0.361328125 0.083984375 0.07291666666666667
1 0.207275390625 0.4169921875 0.07470703125 0.011067708333333334
5 0.271484375 0.4036458333333333 0.076171875 0.109375
17 0.384521484375 0.4560546875 0.50830078125 0.283203125
3 0.3720703125 0.359375 0.326171875 0.11979166666666667
1 0.331298828125 0.4482421875 0.14111328125 0.15169270833333334
9 0.41796875 0.3922526041666667 0.056640625 0.13216145833333334
6 0.4052734375 0.318359375 0.107421875 0.03125
10 0.4794921875 0.361328125 0.083984375 0.07291666666666667
1 0.207275390625 0.4169921875 0.07470703125 0.011067708333333334
5 0.271484375 0.4036458333333333 0.076171875 0.109375
17 0.384521484375 0.4560546875 0.50830078125 0.283203125
3 0.3720703125 0.359375 0.326171875 0.11979166666666667
1 0.331298828125 0.4482421875 0.14111328125 0.15169270833333334
9 0.41796875 0.3922526041666667 0.056640625 0.13216145833333334
6 0.4052734375 0.318359375 0.107421875 0.03125
10 0.4794921875 0.361328125 0.083984375 0.07291666666666667
1 0.207275390625 0.4169921875 0.07470703125 0.011067708333333334
5 0.271484375 0.4036458333333333 0.076171875 0.109375
17 0.384521484375 0.4560546875 0.50830078125 0.283203125
3 0.3720703125 0.359375 0.326171875 0.11979166666666667
1 0.331298828125 0.4482421875 0.14111328125 0.15169270833333334
9 0.41796875 0.3922526041666667 0.056640625 0.13216145833333334
6 0.4052734375 0.318359375 0.107421875 0.03125
10 0.4794921875 0.361328125 0.083984375 0.07291666666666667
1 0.207275390625 0.4169921875 0.07470703125 0.011067708333333334
5 0.271484375 0.4036458333333333 0.076171875 0.109375
17 0.384521484375 0.4560546875 0.50830078125 0.283203125
3 0.3720703125 0.359375 0.326171875 0.11979166666666667
1 0.331298828125 0.4482421875 0.14111328125 0.15169270833333334
9 0.41796875 0.3922526041666667 0.056640625 0.13216145833333334
6 0.4052734375 0.318359375 0.107421875 0.03125
10 0.4794921875 0.361328125 0.083984375 0.07291666666666667
1 0.207275390625 0.4169921875 0.07470703125 0.011067708333333334
5 0.271484375 0.4036458333333333 0.076171875 0.109375
17 0.384521484375 0.4560546875 0.50830078125 0.283203125
3 0.3720703125 0.359375 0.326171875 0.11979166666666667
1 0.331298828125 0.4482421875 0.14111328125 0.15169270833333334
9 0.41796875 0.3922526041666667 0.056640625 0.13216145833333334
6 0.4052734375 0.318359375 0.107421875 0.03125
10 0.4794921875 0.361328125 0.083984375 0.07291666666666667
1 0.207275390625 0.4169921875 0.07470703125 0.011067708333333334
5 0.271484375 0.4036458333333333 0.076171875 0.109375
17 0.384521484375 0.4560546875 0.50830078125 0.283203125
3 0.3720703125 0.359375 0.326171875 0.11979166666666667
1 0.331298828125 0.4482421875 0.14111328125 0.15169270833333334
9 0.41796875 0.3922526041666667 0.056640625 0.13216145833333334
6 0.4052734375 0.318359375 0.107421875 0.03125
10 0.4794921875 0.361328125 0.083984375 0.07291666666666667
1 0.207275390625 0.4169921875 0.07470703125 0.011067708333333334
5 0.271484375 0.4036458333333333 0.076171875 0.109375
17 0.384521484375 0.4560546875 0.50830078125 0.283203125
3 0.3720703125 0.359375 0.326171875 0.11979166666666667
1 0.331298828125 0.4482421875 0.14111328125 0.15169270833333334
9 0.41796875 0.3922526041666667 0.056640625 0.13216145833333334
6 0.4052734375 0.318359375 0.107421875 0.03125
10 0.4794921875 0.361328125 0.083984375 0.07291666666666667
1 0.207275390625 0.4169921875 0.07470703125 0.011067708333333334
5 0.271484375 0.4036458333333333 0.076171875 0.109375
17 0.384521484375 0.4560546875 0.50830078125 0.283203125
3 0.3720703125 0.359375 0.326171875 0.11979166666666667
1 0.331298828125 0.4482421875 0.14111328125 0.15169270833333334
9 0.41796875 0.3922526041666667 0.056640625 0.13216145833333334
6 0.4052734375 0.318359375 0.107421875 0.03125
10 0.4794921875 0.361328125 0.083984375 0.07291666666666667
1 0.207275390625 0.4169921875 0.07470703125 0.011067708333333334
5 0.271484375 0.4036458333333333 0.076171875 0.109375
17 0.384521484375 0.4560546875 0.50830078125 0.283203125
3 0.3720703125 0.359375 0.326171875 0.11979166666666667
1 0.331298828125 0.4482421875 0.14111328125 0.15169270833333334
9 0.41796875 0.3922526041666667 0.056640625 0.13216145833333334
6 0.4052734375 0.318359375 0.107421875 0.03125
10 0.4794921875 0.361328125 0.083984375 0.07291666666666667
1 0.207275390625 0.4169921875 0.07470703125 0.011067708333333334
5 0.271484375 0.4036458333333333 0.076171875 0.109375
17 0.384521484375 0.4560546875 0.50830078125 0.283203125
3 0.3720703125 0.359375 0.326171875 0.11979166666666667
1 0.331298828125 0.4482421875 0.14111328125 0.15169270833333334
9 0.41796875 0.3922526041666667 0.056640625 0.13216145833333334
6 0.4052734375 0.318359375 0.107421875 0.03125
10 0.4794921875 0.361328125 0.083984375 0.07291666666666667
1 0.207275390625 0.4169921875 0.07470703125 0.011067708333333334
5 0.271484375 0.4036458333333333 0.076171875 0.109375
17 0.384521484375 0.4560546875 0.50830078125 0.283203125
