7 0.323974609375 0.2958984375 0.05615234375 0.18815104166666666
7 0.401123046875 0.3024088541666667 0.09326171875 0.06705729166666667
7 0.36474609375 0.369140625 0.07421875 0.0703125
10 0.427734375 0.3694661458333333 0.046875 0.07747395833333333
6 0.501708984375 0.3776041666666667 0.09912109375 0.040364583333333336
0 0.280029296875 0.3463541666666667 0.02978515625 0.032552083333333336
17 0.408935546875 0.3850911458333333 0.41943359375 0.232421875
7 0.323974609375 0.2958984375 0.05615234375 0.18815104166666666
7 0.401123046875 0.3024088541666667 0.09326171875 0.06705729166666667
7 0.36474609375 0.369140625 0.07421875 0.0703125
10 0.427734375 0.3694661458333333 0.046875 0.07747395833333333
6 0.501708984375 0.3776041666666667 0.09912109375 0.040364583333333336
0 0.280029296875 0.3463541666666667 0.02978515625 0.032552083333333336
17 0.408935546875 0.3850911458333333 0.41943359375 0.232421875
7 0.323974609375 0.2958984375 0.05615234375 0.18815104166666666
7 0.401123046875 0.3024088541666667 0.09326171875 0.06705729166666667
7 0.36474609375 0.369140625 0.07421875 0.0703125
10 0.427734375 0.3694661458333333 0.046875 0.07747395833333333
6 0.501708984375 0.3776041666666667 0.09912109375 0.040364583333333336
0 0.280029296875 0.3463541666666667 0.02978515625 0.032552083333333336
17 0.408935546875 0.3850911458333333 0.41943359375 0.232421875
7 0.323974609375 0.2958984375 0.05615234375 0.18815104166666666
7 0.401123046875 0.3024088541666667 0.09326171875 0.06705729166666667
7 0.36474609375 0.369140625 0.07421875 0.0703125
10 0.427734375 0.3694661458333333 0.046875 0.07747395833333333
6 0.501708984375 0.3776041666666667 0.09912109375 0.040364583333333336
0 0.280029296875 0.3463541666666667 0.02978515625 0.032552083333333336
17 0.408935546875 0.3850911458333333 0.41943359375 0.232421875
7 0.323974609375 0.2958984375 0.05615234375 0.18815104166666666
7 0.401123046875 0.3024088541666667 0.09326171875 0.06705729166666667
7 0.36474609375 0.369140625 0.07421875 0.0703125
10 0.427734375 0.3694661458333333 0.046875 0.07747395833333333
6 0.501708984375 0.3776041666666667 0.09912109375 0.040364583333333336
0 0.280029296875 0.3463541666666667 0.02978515625 0.032552083333333336
17 0.408935546875 0.3850911458333333 0.41943359375 0.232421875
7 0.323974609375 0.2958984375 0.05615234375 0.18815104166666666
7 0.401123046875 0.3024088541666667 0.09326171875 0.06705729166666667
7 0.36474609375 0.369140625 0.07421875 0.0703125
10 0.427734375 0.3694661458333333 0.046875 0.07747395833333333
6 0.501708984375 0.3776041666666667 0.09912109375 0.040364583333333336
0 0.280029296875 0.3463541666666667 0.02978515625 0.032552083333333336
17 0.408935546875 0.3850911458333333 0.41943359375 0.232421875
7 0.323974609375 0.2958984375 0.05615234375 0.18815104166666666
7 0.401123046875 0.3024088541666667 0.09326171875 0.06705729166666667
7 0.36474609375 0.369140625 0.07421875 0.0703125
10 0.427734375 0.3694661458333333 0.046875 0.07747395833333333
6 0.501708984375 0.3776041666666667 0.09912109375 0.040364583333333336
0 0.280029296875 0.3463541666666667 0.02978515625 0.032552083333333336
17 0.408935546875 0.3850911458333333 0.41943359375 0.232421875
7 0.323974609375 0.2958984375 0.05615234375 0.18815104166666666
7 0.401123046875 0.3024088541666667 0.09326171875 0.06705729166666667
7 0.36474609375 0.369140625 0.07421875 0.0703125
10 0.427734375 0.3694661458333333 0.046875 0.07747395833333333
6 0.501708984375 0.3776041666666667 0.09912109375 0.040364583333333336
0 0.280029296875 0.3463541666666667 0.02978515625 0.032552083333333336
17 0.408935546875 0.3850911458333333 0.41943359375 0.232421875
7 0.323974609375 0.2958984375 0.05615234375 0.18815104166666666
7 0.401123046875 0.3024088541666667 0.09326171875 0.06705729166666667
7 0.36474609375 0.369140625 0.07421875 0.0703125
10 0.427734375 0.3694661458333333 0.046875 0.07747395833333333
6 0.501708984375 0.3776041666666667 0.09912109375 0.040364583333333336
0 0.280029296875 0.3463541666666667 0.02978515625 0.032552083333333336
17 0.408935546875 0.3850911458333333 0.41943359375 0.232421875
7 0.323974609375 0.2958984375 0.05615234375 0.18815104166666666
7 0.401123046875 0.3024088541666667 0.09326171875 0.06705729166666667
7 0.36474609375 0.369140625 0.07421875 0.0703125
10 0.427734375 0.3694661458333333 0.046875 0.07747395833333333
6 0.501708984375 0.3776041666666667 0.09912109375 0.040364583333333336
0 0.280029296875 0.3463541666666667 0.02978515625 0.032552083333333336
17 0.408935546875 0.3850911458333333 0.41943359375 0.232421875
7 0.323974609375 0.2958984375 0.05615234375 0.18815104166666666
7 0.401123046875 0.3024088541666667 0.09326171875 0.06705729166666667
7 0.36474609375 0.369140625 0.07421875 0.0703125
10 0.427734375 0.3694661458333333 0.046875 0.07747395833333333
6 0.501708984375 0.3776041666666667 0.09912109375 0.040364583333333336
0 0.280029296875 0.3463541666666667 0.02978515625 0.032552083333333336
17 0.408935546875 0.3850911458333333 0.41943359375 0.232421875
7 0.323974609375 0.2958984375 0.05615234375 0.18815104166666666
7 0.401123046875 0.3024088541666667 0.09326171875 0.06705729166666667
7 0.36474609375 0.369140625 0.07421875 0.0703125
10 0.427734375 0.3694661458333333 0.046875 0.07747395833333333
6 0.501708984375 0.3776041666666667 0.09912109375 0.040364583333333336
0 0.280029296875 0.3463541666666667 0.02978515625 0.032552083333333336
17 0.408935546875 0.3850911458333333 0.41943359375 0.232421875
