6 0.30078125 0.4274088541666667 0.1259765625 0.030598958333333332
6 0.380126953125 0.4381510416666667 0.02197265625 0.059895833333333336
7 0.4189453125 0.3177083333333333 0.052734375 0.20703125
2 0.4814453125 0.3922526041666667 0.072265625 0.08138020833333333
12 0.45703125 0.4583333333333333 0.142578125 0.12630208333333334
4 0.30517578125 0.3919270833333333 0.0556640625 0.044270833333333336
1 0.27099609375 0.4215494791666667 0.017578125 0.08138020833333333
17 0.36083984375 0.4384765625 0.57421875 0.3430989583333333
6 0.30078125 0.4274088541666667 0.1259765625 0.030598958333333332
6 0.380126953125 0.4381510416666667 0.02197265625 0.059895833333333336
7 0.4189453125 0.3177083333333333 0.052734375 0.20703125
2 0.4814453125 0.3922526041666667 0.072265625 0.08138020833333333
12 0.45703125 0.4583333333333333 0.142578125 0.12630208333333334
4 0.30517578125 0.3919270833333333 0.0556640625 0.044270833333333336
1 0.27099609375 0.4215494791666667 0.017578125 0.08138020833333333
17 0.36083984375 0.4384765625 0.57421875 0.3430989583333333
