10 0.41845703125 0.5953776041666666 0.10546875 0.048828125
2 0.5048828125 0.5751953125 0.0537109375 0.048828125
3 0.533447265625 0.6145833333333334 0.22509765625 0.16276041666666666
7 0.41015625 0.6966145833333334 0.1328125 0.06770833333333333
8 0.5302734375 0.6806640625 0.1103515625 0.16471354166666666
17 0.462890625 0.6780598958333334 0.375 0.3040364583333333
10 0.41845703125 0.5953776041666666 0.10546875 0.048828125
2 0.5048828125 0.5751953125 0.0537109375 0.048828125
3 0.533447265625 0.6145833333333334 0.22509765625 0.16276041666666666
7 0.41015625 0.6966145833333334 0.1328125 0.06770833333333333
8 0.5302734375 0.6806640625 0.1103515625 0.16471354166666666
17 0.462890625 0.6780598958333334 0.375 0.3040364583333333
10 0.41845703125 0.5953776041666666 0.10546875 0.048828125
2 0.5048828125 0.5751953125 0.0537109375 0.048828125
3 0.533447265625 0.6145833333333334 0.22509765625 0.16276041666666666
7 0.41015625 0.6966145833333334 0.1328125 0.06770833333333333
8 0.5302734375 0.6806640625 0.1103515625 0.16471354166666666
17 0.462890625 0.6780598958333334 0.375 0.3040364583333333
10 0.41845703125 0.5953776041666666 0.10546875 0.048828125
2 0.5048828125 0.5751953125 0.0537109375 0.048828125
3 0.533447265625 0.6145833333333334 0.22509765625 0.16276041666666666
7 0.41015625 0.6966145833333334 0.1328125 0.06770833333333333
8 0.5302734375 0.6806640625 0.1103515625 0.16471354166666666
17 0.462890625 0.6780598958333334 0.375 0.3040364583333333
10 0.41845703125 0.5953776041666666 0.10546875 0.048828125
2 0.5048828125 0.5751953125 0.0537109375 0.048828125
3 0.533447265625 0.6145833333333334 0.22509765625 0.16276041666666666
7 0.41015625 0.6966145833333334 0.1328125 0.06770833333333333
8 0.5302734375 0.6806640625 0.1103515625 0.16471354166666666
17 0.462890625 0.6780598958333334 0.375 0.3040364583333333
