11 0.332275390625 0.3349609375 0.04248046875 0.08138020833333333
11 0.38818359375 0.3499348958333333 0.0625 0.054036458333333336
10 0.455078125 0.3447265625 0.1005859375 0.06966145833333333
7 0.509765625 0.3098958333333333 0.1103515625 0.052083333333333336
7 0.393310546875 0.30859375 0.05810546875 0.05859375
3 0.442626953125 0.3818359375 0.25732421875 0.06705729166666667
0 0.54150390625 0.37109375 0.0869140625 0.029947916666666668
17 0.40283203125 0.3717447916666667 0.40234375 0.17447916666666666
11 0.332275390625 0.3349609375 0.04248046875 0.08138020833333333
11 0.38818359375 0.3499348958333333 0.0625 0.054036458333333336
10 0.455078125 0.3447265625 0.1005859375 0.06966145833333333
7 0.509765625 0.3098958333333333 0.1103515625 0.052083333333333336
7 0.393310546875 0.30859375 0.05810546875 0.05859375
3 0.442626953125 0.3818359375 0.25732421875 0.06705729166666667
0 0.54150390625 0.37109375 0.0869140625 0.029947916666666668
17 0.40283203125 0.3717447916666667 0.40234375 0.17447916666666666
11 0.332275390625 0.3349609375 0.04248046875 0.08138020833333333
11 0.38818359375 0.3499348958333333 0.0625 0.054036458333333336
10 0.455078125 0.3447265625 0.1005859375 0.06966145833333333
7 0.509765625 0.3098958333333333 0.1103515625 0.052083333333333336
7 0.393310546875 0.30859375 0.05810546875 0.05859375
3 0.442626953125 0.3818359375 0.25732421875 0.06705729166666667
0 0.54150390625 0.37109375 0.0869140625 0.029947916666666668
17 0.40283203125 0.3717447916666667 0.40234375 0.17447916666666666
11 0.332275390625 0.3349609375 0.04248046875 0.08138020833333333
11 0.38818359375 0.3499348958333333 0.0625 0.054036458333333336
10 0.455078125 0.3447265625 0.1005859375 0.06966145833333333
7 0.509765625 0.3098958333333333 0.1103515625 0.052083333333333336
7 0.393310546875 0.30859375 0.05810546875 0.05859375
3 0.442626953125 0.3818359375 0.25732421875 0.06705729166666667
0 0.54150390625 0.37109375 0.0869140625 0.029947916666666668
17 0.40283203125 0.3717447916666667 0.40234375 0.17447916666666666
11 0.332275390625 0.3349609375 0.04248046875 0.08138020833333333
11 0.38818359375 0.3499348958333333 0.0625 0.054036458333333336
10 0.455078125 0.3447265625 0.1005859375 0.06966145833333333
7 0.509765625 0.3098958333333333 0.1103515625 0.052083333333333336
7 0.393310546875 0.30859375 0.05810546875 0.05859375
3 0.442626953125 0.3818359375 0.25732421875 0.06705729166666667
0 0.54150390625 0.37109375 0.0869140625 0.029947916666666668
17 0.40283203125 0.3717447916666667 0.40234375 0.17447916666666666
