5 0.35205078125 0.4475911458333333 0.0908203125 0.11263020833333333
11 0.4189453125 0.4176432291666667 0.0556640625 0.057942708333333336
4 0.44873046875 0.4703776041666667 0.0634765625 0.06966145833333333
1 0.49609375 0.4873046875 0.115234375 0.123046875
0 0.516357421875 0.3971354166666667 0.02880859375 0.036458333333333336
6 0.498291015625 0.4274088541666667 0.10595703125 0.034505208333333336
12 0.414306640625 0.3033854166666667 0.04833984375 0.21354166666666666
1 0.37890625 0.4580078125 0.23828125 0.020182291666666668
17 0.41796875 0.4879557291666667 0.5859375 0.3717447916666667
5 0.35205078125 0.4475911458333333 0.0908203125 0.11263020833333333
11 0.4189453125 0.4176432291666667 0.0556640625 0.057942708333333336
4 0.44873046875 0.4703776041666667 0.0634765625 0.06966145833333333
1 0.49609375 0.4873046875 0.115234375 0.123046875
0 0.516357421875 0.3971354166666667 0.02880859375 0.036458333333333336
6 0.498291015625 0.4274088541666667 0.10595703125 0.034505208333333336
12 0.414306640625 0.3033854166666667 0.04833984375 0.21354166666666666
1 0.37890625 0.4580078125 0.23828125 0.020182291666666668
17 0.41796875 0.4879557291666667 0.5859375 0.3717447916666667
5 0.35205078125 0.4475911458333333 0.0908203125 0.11263020833333333
11 0.4189453125 0.4176432291666667 0.0556640625 0.057942708333333336
4 0.44873046875 0.4703776041666667 0.0634765625 0.06966145833333333
1 0.49609375 0.4873046875 0.115234375 0.123046875
0 0.516357421875 0.3971354166666667 0.02880859375 0.036458333333333336
6 0.498291015625 0.4274088541666667 0.10595703125 0.034505208333333336
12 0.414306640625 0.3033854166666667 0.04833984375 0.21354166666666666
1 0.37890625 0.4580078125 0.23828125 0.020182291666666668
17 0.41796875 0.4879557291666667 0.5859375 0.3717447916666667
5 0.35205078125 0.4475911458333333 0.0908203125 0.11263020833333333
11 0.4189453125 0.4176432291666667 0.0556640625 0.057942708333333336
4 0.44873046875 0.4703776041666667 0.0634765625 0.06966145833333333
1 0.49609375 0.4873046875 0.115234375 0.123046875
0 0.516357421875 0.3971354166666667 0.02880859375 0.036458333333333336
6 0.498291015625 0.4274088541666667 0.10595703125 0.034505208333333336
12 0.414306640625 0.3033854166666667 0.04833984375 0.21354166666666666
1 0.37890625 0.4580078125 0.23828125 0.020182291666666668
17 0.41796875 0.4879557291666667 0.5859375 0.3717447916666667
5 0.35205078125 0.4475911458333333 0.0908203125 0.11263020833333333
11 0.4189453125 0.4176432291666667 0.0556640625 0.057942708333333336
4 0.44873046875 0.4703776041666667 0.0634765625 0.06966145833333333
1 0.49609375 0.4873046875 0.115234375 0.123046875
0 0.516357421875 0.3971354166666667 0.02880859375 0.036458333333333336
6 0.498291015625 0.4274088541666667 0.10595703125 0.034505208333333336
12 0.414306640625 0.3033854166666667 0.04833984375 0.21354166666666666
1 0.37890625 0.4580078125 0.23828125 0.020182291666666668
17 0.41796875 0.4879557291666667 0.5859375 0.3717447916666667
