11 0.37890625 0.3837890625 0.09765625 0.041015625
11 0.23876953125 0.3714192708333333 0.09375 0.06315104166666667
9 0.29541015625 0.3486328125 0.06640625 0.054036458333333336
9 0.43798828125 0.330078125 0.037109375 0.09375
11 0.343017578125 0.3157552083333333 0.03662109375 0.07682291666666667
12 0.402587890625 0.2936197916666667 0.07763671875 0.07421875
7 0.39013671875 0.3343098958333333 0.0419921875 0.054036458333333336
17 0.3349609375 0.3922526041666667 0.48046875 0.2779947916666667
11 0.37890625 0.3837890625 0.09765625 0.041015625
11 0.23876953125 0.3714192708333333 0.09375 0.06315104166666667
9 0.29541015625 0.3486328125 0.06640625 0.054036458333333336
9 0.43798828125 0.330078125 0.037109375 0.09375
11 0.343017578125 0.3157552083333333 0.03662109375 0.07682291666666667
12 0.402587890625 0.2936197916666667 0.07763671875 0.07421875
7 0.39013671875 0.3343098958333333 0.0419921875 0.054036458333333336
17 0.3349609375 0.3922526041666667 0.48046875 0.2779947916666667
11 0.37890625 0.3837890625 0.09765625 0.041015625
11 0.23876953125 0.3714192708333333 0.09375 0.06315104166666667
9 0.29541015625 0.3486328125 0.06640625 0.054036458333333336
9 0.43798828125 0.330078125 0.037109375 0.09375
11 0.343017578125 0.3157552083333333 0.03662109375 0.07682291666666667
12 0.402587890625 0.2936197916666667 0.07763671875 0.07421875
7 0.39013671875 0.3343098958333333 0.0419921875 0.054036458333333336
17 0.3349609375 0.3922526041666667 0.48046875 0.2779947916666667
11 0.37890625 0.3837890625 0.09765625 0.041015625
11 0.23876953125 0.3714192708333333 0.09375 0.06315104166666667
9 0.29541015625 0.3486328125 0.06640625 0.054036458333333336
9 0.43798828125 0.330078125 0.037109375 0.09375
11 0.343017578125 0.3157552083333333 0.03662109375 0.07682291666666667
12 0.402587890625 0.2936197916666667 0.07763671875 0.07421875
7 0.39013671875 0.3343098958333333 0.0419921875 0.054036458333333336
17 0.3349609375 0.3922526041666667 0.48046875 0.2779947916666667
11 0.37890625 0.3837890625 0.09765625 0.041015625
11 0.23876953125 0.3714192708333333 0.09375 0.06315104166666667
9 0.29541015625 0.3486328125 0.06640625 0.054036458333333336
9 0.43798828125 0.330078125 0.037109375 0.09375
11 0.343017578125 0.3157552083333333 0.03662109375 0.07682291666666667
12 0.402587890625 0.2936197916666667 0.07763671875 0.07421875
7 0.39013671875 0.3343098958333333 0.0419921875 0.054036458333333336
17 0.3349609375 0.3922526041666667 0.48046875 0.2779947916666667
