7 0.368408203125 0.3583984375 0.08251953125 0.06705729166666667
2 0.430908203125 0.4205729166666667 0.09130859375 0.08723958333333333
12 0.515380859375 0.3684895833333333 0.15087890625 0.08723958333333333
6 0.49560546875 0.3990885416666667 0.0791015625 0.053385416666666664
8 0.5029296875 0.3082682291666667 0.1181640625 0.054036458333333336
11 0.580810546875 0.2958984375 0.06201171875 0.061848958333333336
17 0.45556640625 0.4098307291666667 0.484375 0.232421875
7 0.368408203125 0.3583984375 0.08251953125 0.06705729166666667
2 0.430908203125 0.4205729166666667 0.09130859375 0.08723958333333333
12 0.515380859375 0.3684895833333333 0.15087890625 0.08723958333333333
6 0.49560546875 0.3990885416666667 0.0791015625 0.053385416666666664
8 0.5029296875 0.3082682291666667 0.1181640625 0.054036458333333336
11 0.580810546875 0.2958984375 0.06201171875 0.061848958333333336
17 0.45556640625 0.4098307291666667 0.484375 0.232421875
7 0.368408203125 0.3583984375 0.08251953125 0.06705729166666667
2 0.430908203125 0.4205729166666667 0.09130859375 0.08723958333333333
12 0.515380859375 0.3684895833333333 0.15087890625 0.08723958333333333
6 0.49560546875 0.3990885416666667 0.0791015625 0.053385416666666664
8 0.5029296875 0.3082682291666667 0.1181640625 0.054036458333333336
11 0.580810546875 0.2958984375 0.06201171875 0.061848958333333336
17 0.45556640625 0.4098307291666667 0.484375 0.232421875
7 0.368408203125 0.3583984375 0.08251953125 0.06705729166666667
2 0.430908203125 0.4205729166666667 0.09130859375 0.08723958333333333
12 0.515380859375 0.3684895833333333 0.15087890625 0.08723958333333333
6 0.49560546875 0.3990885416666667 0.0791015625 0.053385416666666664
8 0.5029296875 0.3082682291666667 0.1181640625 0.054036458333333336
11 0.580810546875 0.2958984375 0.06201171875 0.061848958333333336
17 0.45556640625 0.4098307291666667 0.484375 0.232421875
7 0.368408203125 0.3583984375 0.08251953125 0.06705729166666667
2 0.430908203125 0.4205729166666667 0.09130859375 0.08723958333333333
12 0.515380859375 0.3684895833333333 0.15087890625 0.08723958333333333
6 0.49560546875 0.3990885416666667 0.0791015625 0.053385416666666664
8 0.5029296875 0.3082682291666667 0.1181640625 0.054036458333333336
11 0.580810546875 0.2958984375 0.06201171875 0.061848958333333336
17 0.45556640625 0.4098307291666667 0.484375 0.232421875
7 0.368408203125 0.3583984375 0.08251953125 0.06705729166666667
2 0.430908203125 0.4205729166666667 0.09130859375 0.08723958333333333
12 0.515380859375 0.3684895833333333 0.15087890625 0.08723958333333333
6 0.49560546875 0.3990885416666667 0.0791015625 0.053385416666666664
8 0.5029296875 0.3082682291666667 0.1181640625 0.054036458333333336
11 0.580810546875 0.2958984375 0.06201171875 0.061848958333333336
17 0.45556640625 0.4098307291666667 0.484375 0.232421875
7 0.368408203125 0.3583984375 0.08251953125 0.06705729166666667
2 0.430908203125 0.4205729166666667 0.09130859375 0.08723958333333333
12 0.515380859375 0.3684895833333333 0.15087890625 0.08723958333333333
6 0.49560546875 0.3990885416666667 0.0791015625 0.053385416666666664
8 0.5029296875 0.3082682291666667 0.1181640625 0.054036458333333336
11 0.580810546875 0.2958984375 0.06201171875 0.061848958333333336
17 0.45556640625 0.4098307291666667 0.484375 0.232421875
7 0.368408203125 0.3583984375 0.08251953125 0.06705729166666667
2 0.430908203125 0.4205729166666667 0.09130859375 0.08723958333333333
12 0.515380859375 0.3684895833333333 0.15087890625 0.08723958333333333
6 0.49560546875 0.3990885416666667 0.0791015625 0.053385416666666664
8 0.5029296875 0.3082682291666667 0.1181640625 0.054036458333333336
11 0.580810546875 0.2958984375 0.06201171875 0.061848958333333336
17 0.45556640625 0.4098307291666667 0.484375 0.232421875
7 0.368408203125 0.3583984375 0.08251953125 0.06705729166666667
2 0.430908203125 0.4205729166666667 0.09130859375 0.08723958333333333
12 0.515380859375 0.3684895833333333 0.15087890625 0.08723958333333333
6 0.49560546875 0.3990885416666667 0.0791015625 0.053385416666666664
8 0.5029296875 0.3082682291666667 0.1181640625 0.054036458333333336
11 0.580810546875 0.2958984375 0.06201171875 0.061848958333333336
17 0.45556640625 0.4098307291666667 0.484375 0.232421875
7 0.368408203125 0.3583984375 0.08251953125 0.06705729166666667
2 0.430908203125 0.4205729166666667 0.09130859375 0.08723958333333333
12 0.515380859375 0.3684895833333333 0.15087890625 0.08723958333333333
6 0.49560546875 0.3990885416666667 0.0791015625 0.053385416666666664
8 0.5029296875 0.3082682291666667 0.1181640625 0.054036458333333336
11 0.580810546875 0.2958984375 0.06201171875 0.061848958333333336
17 0.45556640625 0.4098307291666667 0.484375 0.232421875
7 0.368408203125 0.3583984375 0.08251953125 0.06705729166666667
2 0.430908203125 0.4205729166666667 0.09130859375 0.08723958333333333
12 0.515380859375 0.3684895833333333 0.15087890625 0.08723958333333333
6 0.49560546875 0.3990885416666667 0.0791015625 0.053385416666666664
8 0.5029296875 0.3082682291666667 0.1181640625 0.054036458333333336
11 0.580810546875 0.2958984375 0.06201171875 0.061848958333333336
17 0.45556640625 0.4098307291666667 0.484375 0.232421875
7 0.368408203125 0.3583984375 0.08251953125 0.06705729166666667
2 0.430908203125 0.4205729166666667 0.09130859375 0.08723958333333333
12 0.515380859375 0.3684895833333333 0.15087890625 0.08723958333333333
6 0.49560546875 0.3990885416666667 0.0791015625 0.053385416666666664
8 0.5029296875 0.3082682291666667 0.1181640625 0.054036458333333336
11 0.580810546875 0.2958984375 0.06201171875 0.061848958333333336
17 0.45556640625 0.4098307291666667 0.484375 0.232421875
