7 0.390625 0.3564453125 0.0771484375 0.07356770833333333
0 0.35986328125 0.4931640625 0.033203125 0.08268229166666667
0 0.349853515625 0.4736328125 0.12060546875 0.030598958333333332
1 0.421875 0.4957682291666667 0.1044921875 0.11783854166666667
5 0.508056640625 0.4287109375 0.06787109375 0.11783854166666667
9 0.443603515625 0.4163411458333333 0.05810546875 0.13606770833333334
3 0.4365234375 0.40625 0.2421875 0.16015625
9 0.47412109375 0.3225911458333333 0.048828125 0.048828125
6 0.564697265625 0.4033203125 0.04638671875 0.020182291666666668
1 0.590576171875 0.4296875 0.09521484375 0.0078125
17 0.438720703125 0.4869791666666667 0.56591796875 0.3268229166666667
7 0.390625 0.3564453125 0.0771484375 0.07356770833333333
0 0.35986328125 0.4931640625 0.033203125 0.08268229166666667
0 0.349853515625 0.4736328125 0.12060546875 0.030598958333333332
1 0.421875 0.4957682291666667 0.1044921875 0.11783854166666667
5 0.508056640625 0.4287109375 0.06787109375 0.11783854166666667
9 0.443603515625 0.4163411458333333 0.05810546875 0.13606770833333334
3 0.4365234375 0.40625 0.2421875 0.16015625
9 0.47412109375 0.3225911458333333 0.048828125 0.048828125
6 0.564697265625 0.4033203125 0.04638671875 0.020182291666666668
1 0.590576171875 0.4296875 0.09521484375 0.0078125
17 0.438720703125 0.4869791666666667 0.56591796875 0.3268229166666667
7 0.390625 0.3564453125 0.0771484375 0.07356770833333333
0 0.35986328125 0.4931640625 0.033203125 0.08268229166666667
0 0.349853515625 0.4736328125 0.12060546875 0.030598958333333332
1 0.421875 0.4957682291666667 0.1044921875 0.11783854166666667
5 0.508056640625 0.4287109375 0.06787109375 0.11783854166666667
9 0.443603515625 0.4163411458333333 0.05810546875 0.13606770833333334
3 0.4365234375 0.40625 0.2421875 0.16015625
9 0.47412109375 0.3225911458333333 0.048828125 0.048828125
6 0.564697265625 0.4033203125 0.04638671875 0.020182291666666668
1 0.590576171875 0.4296875 0.09521484375 0.0078125
17 0.438720703125 0.4869791666666667 0.56591796875 0.3268229166666667
7 0.390625 0.3564453125 0.0771484375 0.07356770833333333
0 0.35986328125 0.4931640625 0.033203125 0.08268229166666667
0 0.349853515625 0.4736328125 0.12060546875 0.030598958333333332
1 0.421875 0.4957682291666667 0.1044921875 0.11783854166666667
5 0.508056640625 0.4287109375 0.06787109375 0.11783854166666667
9 0.443603515625 0.4163411458333333 0.05810546875 0.13606770833333334
3 0.4365234375 0.40625 0.2421875 0.16015625
9 0.47412109375 0.3225911458333333 0.048828125 0.048828125
6 0.564697265625 0.4033203125 0.04638671875 0.020182291666666668
1 0.590576171875 0.4296875 0.09521484375 0.0078125
17 0.438720703125 0.4869791666666667 0.56591796875 0.3268229166666667
7 0.390625 0.3564453125 0.0771484375 0.07356770833333333
0 0.35986328125 0.4931640625 0.033203125 0.08268229166666667
0 0.349853515625 0.4736328125 0.12060546875 0.030598958333333332
1 0.421875 0.4957682291666667 0.1044921875 0.11783854166666667
5 0.508056640625 0.4287109375 0.06787109375 0.11783854166666667
9 0.443603515625 0.4163411458333333 0.05810546875 0.13606770833333334
3 0.4365234375 0.40625 0.2421875 0.16015625
9 0.47412109375 0.3225911458333333 0.048828125 0.048828125
6 0.564697265625 0.4033203125 0.04638671875 0.020182291666666668
1 0.590576171875 0.4296875 0.09521484375 0.0078125
17 0.438720703125 0.4869791666666667 0.56591796875 0.3268229166666667
7 0.390625 0.3564453125 0.0771484375 0.07356770833333333
0 0.35986328125 0.4931640625 0.033203125 0.08268229166666667
0 0.349853515625 0.4736328125 0.12060546875 0.030598958333333332
1 0.421875 0.4957682291666667 0.1044921875 0.11783854166666667
5 0.508056640625 0.4287109375 0.06787109375 0.11783854166666667
9 0.443603515625 0.4163411458333333 0.05810546875 0.13606770833333334
3 0.4365234375 0.40625 0.2421875 0.16015625
9 0.47412109375 0.3225911458333333 0.048828125 0.048828125
6 0.564697265625 0.4033203125 0.04638671875 0.020182291666666668
1 0.590576171875 0.4296875 0.09521484375 0.0078125
17 0.438720703125 0.4869791666666667 0.56591796875 0.3268229166666667
7 0.390625 0.3564453125 0.0771484375 0.07356770833333333
0 0.35986328125 0.4931640625 0.033203125 0.08268229166666667
0 0.349853515625 0.4736328125 0.12060546875 0.030598958333333332
1 0.421875 0.4957682291666667 0.1044921875 0.11783854166666667
5 0.508056640625 0.4287109375 0.06787109375 0.11783854166666667
9 0.443603515625 0.4163411458333333 0.05810546875 0.13606770833333334
3 0.4365234375 0.40625 0.2421875 0.16015625
9 0.47412109375 0.3225911458333333 0.048828125 0.048828125
6 0.564697265625 0.4033203125 0.04638671875 0.020182291666666668
1 0.590576171875 0.4296875 0.09521484375 0.0078125
17 0.438720703125 0.4869791666666667 0.56591796875 0.3268229166666667
7 0.390625 0.3564453125 0.0771484375 0.07356770833333333
0 0.35986328125 0.4931640625 0.033203125 0.08268229166666667
0 0.349853515625 0.4736328125 0.12060546875 0.030598958333333332
1 0.421875 0.4957682291666667 0.1044921875 0.11783854166666667
5 0.508056640625 0.4287109375 0.06787109375 0.11783854166666667
9 0.443603515625 0.4163411458333333 0.05810546875 0.13606770833333334
3 0.4365234375 0.40625 0.2421875 0.16015625
9 0.47412109375 0.3225911458333333 0.048828125 0.048828125
6 0.564697265625 0.4033203125 0.04638671875 0.020182291666666668
1 0.590576171875 0.4296875 0.09521484375 0.0078125
17 0.438720703125 0.4869791666666667 0.56591796875 0.3268229166666667
7 0.390625 0.3564453125 0.0771484375 0.07356770833333333
0 0.35986328125 0.4931640625 0.033203125 0.08268229166666667
0 0.349853515625 0.4736328125 0.12060546875 0.030598958333333332
1 0.421875 0.4957682291666667 0.1044921875 0.11783854166666667
5 0.508056640625 0.4287109375 0.06787109375 0.11783854166666667
9 0.443603515625 0.4163411458333333 0.05810546875 0.13606770833333334
3 0.4365234375 0.40625 0.2421875 0.16015625
9 0.47412109375 0.3225911458333333 0.048828125 0.048828125
6 0.564697265625 0.4033203125 0.04638671875 0.020182291666666668
1 0.590576171875 0.4296875 0.09521484375 0.0078125
17 0.438720703125 0.4869791666666667 0.56591796875 0.3268229166666667
7 0.390625 0.3564453125 0.0771484375 0.07356770833333333
0 0.35986328125 0.4931640625 0.033203125 0.08268229166666667
0 0.349853515625 0.4736328125 0.12060546875 0.030598958333333332
1 0.421875 0.4957682291666667 0.1044921875 0.11783854166666667
5 0.508056640625 0.4287109375 0.06787109375 0.11783854166666667
9 0.443603515625 0.4163411458333333 0.05810546875 0.13606770833333334
3 0.4365234375 0.40625 0.2421875 0.16015625
9 0.47412109375 0.3225911458333333 0.048828125 0.048828125
6 0.564697265625 0.4033203125 0.04638671875 0.020182291666666668
1 0.590576171875 0.4296875 0.09521484375 0.0078125
17 0.438720703125 0.4869791666666667 0.56591796875 0.3268229166666667
7 0.390625 0.3564453125 0.0771484375 0.07356770833333333
0 0.35986328125 0.4931640625 0.033203125 0.08268229166666667
0 0.349853515625 0.4736328125 0.12060546875 0.030598958333333332
1 0.421875 0.4957682291666667 0.1044921875 0.11783854166666667
5 0.508056640625 0.4287109375 0.06787109375 0.11783854166666667
9 0.443603515625 0.4163411458333333 0.05810546875 0.13606770833333334
3 0.4365234375 0.40625 0.2421875 0.16015625
9 0.47412109375 0.3225911458333333 0.048828125 0.048828125
6 0.564697265625 0.4033203125 0.04638671875 0.020182291666666668
1 0.590576171875 0.4296875 0.09521484375 0.0078125
17 0.438720703125 0.4869791666666667 0.56591796875 0.3268229166666667
7 0.390625 0.3564453125 0.0771484375 0.07356770833333333
0 0.35986328125 0.4931640625 0.033203125 0.08268229166666667
0 0.349853515625 0.4736328125 0.12060546875 0.030598958333333332
1 0.421875 0.4957682291666667 0.1044921875 0.11783854166666667
5 0.508056640625 0.4287109375 0.06787109375 0.11783854166666667
9 0.443603515625 0.4163411458333333 0.05810546875 0.13606770833333334
3 0.4365234375 0.40625 0.2421875 0.16015625
9 0.47412109375 0.3225911458333333 0.048828125 0.048828125
6 0.564697265625 0.4033203125 0.04638671875 0.020182291666666668
1 0.590576171875 0.4296875 0.09521484375 0.0078125
17 0.438720703125 0.4869791666666667 0.56591796875 0.3268229166666667
