5 0.425048828125 0.4397786458333333 0.06982421875 0.095703125
6 0.5234375 0.4729817708333333 0.1337890625 0.050130208333333336
9 0.545166015625 0.2613932291666667 0.04736328125 0.123046875
9 0.546142578125 0.3759765625 0.05029296875 0.099609375
4 0.49072265625 0.3922526041666667 0.05859375 0.039713541666666664
0 0.328125 0.4205729166666667 0.1201171875 0.05078125
0 0.421875 0.4235026041666667 0.107421875 0.052734375
17 0.41552734375 0.4456380208333333 0.5380859375 0.3365885416666667
5 0.425048828125 0.4397786458333333 0.06982421875 0.095703125
6 0.5234375 0.4729817708333333 0.1337890625 0.050130208333333336
9 0.545166015625 0.2613932291666667 0.04736328125 0.123046875
9 0.546142578125 0.3759765625 0.05029296875 0.099609375
4 0.49072265625 0.3922526041666667 0.05859375 0.039713541666666664
0 0.328125 0.4205729166666667 0.1201171875 0.05078125
0 0.421875 0.4235026041666667 0.107421875 0.052734375
17 0.41552734375 0.4456380208333333 0.5380859375 0.3365885416666667
5 0.425048828125 0.4397786458333333 0.06982421875 0.095703125
6 0.5234375 0.4729817708333333 0.1337890625 0.050130208333333336
9 0.545166015625 0.2613932291666667 0.04736328125 0.123046875
9 0.546142578125 0.3759765625 0.05029296875 0.099609375
4 0.49072265625 0.3922526041666667 0.05859375 0.039713541666666664
0 0.328125 0.4205729166666667 0.1201171875 0.05078125
0 0.421875 0.4235026041666667 0.107421875 0.052734375
17 0.41552734375 0.4456380208333333 0.5380859375 0.3365885416666667
5 0.425048828125 0.4397786458333333 0.06982421875 0.095703125
6 0.5234375 0.4729817708333333 0.1337890625 0.050130208333333336
9 0.545166015625 0.2613932291666667 0.04736328125 0.123046875
9 0.546142578125 0.3759765625 0.05029296875 0.099609375
4 0.49072265625 0.3922526041666667 0.05859375 0.039713541666666664
0 0.328125 0.4205729166666667 0.1201171875 0.05078125
0 0.421875 0.4235026041666667 0.107421875 0.052734375
17 0.41552734375 0.4456380208333333 0.5380859375 0.3365885416666667
5 0.425048828125 0.4397786458333333 0.06982421875 0.095703125
6 0.5234375 0.4729817708333333 0.1337890625 0.050130208333333336
9 0.545166015625 0.2613932291666667 0.04736328125 0.123046875
9 0.546142578125 0.3759765625 0.05029296875 0.099609375
4 0.49072265625 0.3922526041666667 0.05859375 0.039713541666666664
0 0.328125 0.4205729166666667 0.1201171875 0.05078125
0 0.421875 0.4235026041666667 0.107421875 0.052734375
17 0.41552734375 0.4456380208333333 0.5380859375 0.3365885416666667
