5 0.407470703125 0.4661458333333333 0.07373046875 0.16276041666666666
7 0.4697265625 0.4404296875 0.095703125 0.14127604166666666
6 0.5302734375 0.5455729166666666 0.0693359375 0.09765625
9 0.56982421875 0.4723307291666667 0.06640625 0.16731770833333334
9 0.673095703125 0.4365234375 0.06298828125 0.150390625
2 0.6142578125 0.4072265625 0.080078125 0.10611979166666667
10 0.531005859375 0.4078776041666667 0.11669921875 0.08268229166666667
17 0.555908203125 0.5328776041666666 0.65869140625 0.373046875
5 0.407470703125 0.4661458333333333 0.07373046875 0.16276041666666666
7 0.4697265625 0.4404296875 0.095703125 0.14127604166666666
6 0.5302734375 0.5455729166666666 0.0693359375 0.09765625
9 0.56982421875 0.4723307291666667 0.06640625 0.16731770833333334
9 0.673095703125 0.4365234375 0.06298828125 0.150390625
2 0.6142578125 0.4072265625 0.080078125 0.10611979166666667
10 0.531005859375 0.4078776041666667 0.11669921875 0.08268229166666667
17 0.555908203125 0.5328776041666666 0.65869140625 0.373046875
5 0.407470703125 0.4661458333333333 0.07373046875 0.16276041666666666
7 0.4697265625 0.4404296875 0.095703125 0.14127604166666666
6 0.5302734375 0.5455729166666666 0.0693359375 0.09765625
9 0.56982421875 0.4723307291666667 0.06640625 0.16731770833333334
9 0.673095703125 0.4365234375 0.06298828125 0.150390625
2 0.6142578125 0.4072265625 0.080078125 0.10611979166666667
10 0.531005859375 0.4078776041666667 0.11669921875 0.08268229166666667
17 0.555908203125 0.5328776041666666 0.65869140625 0.373046875
5 0.407470703125 0.4661458333333333 0.07373046875 0.16276041666666666
7 0.4697265625 0.4404296875 0.095703125 0.14127604166666666
6 0.5302734375 0.5455729166666666 0.0693359375 0.09765625
9 0.56982421875 0.4723307291666667 0.06640625 0.16731770833333334
9 0.673095703125 0.4365234375 0.06298828125 0.150390625
2 0.6142578125 0.4072265625 0.080078125 0.10611979166666667
10 0.531005859375 0.4078776041666667 0.11669921875 0.08268229166666667
17 0.555908203125 0.5328776041666666 0.65869140625 0.373046875
5 0.407470703125 0.4661458333333333 0.07373046875 0.16276041666666666
7 0.4697265625 0.4404296875 0.095703125 0.14127604166666666
6 0.5302734375 0.5455729166666666 0.0693359375 0.09765625
9 0.56982421875 0.4723307291666667 0.06640625 0.16731770833333334
9 0.673095703125 0.4365234375 0.06298828125 0.150390625
2 0.6142578125 0.4072265625 0.080078125 0.10611979166666667
10 0.531005859375 0.4078776041666667 0.11669921875 0.08268229166666667
17 0.555908203125 0.5328776041666666 0.65869140625 0.373046875
