7 0.319580078125 0.30078125 0.04345703125 0.10286458333333333
11 0.311279296875 0.3684895833333333 0.03759765625 0.026041666666666668
11 0.501708984375 0.3375651041666667 0.03955078125 0.08268229166666667
9 0.3603515625 0.3499348958333333 0.044921875 0.11263020833333333
12 0.43310546875 0.330078125 0.140625 0.11979166666666667
17 0.39892578125 0.36328125 0.484375 0.2552083333333333
7 0.319580078125 0.30078125 0.04345703125 0.10286458333333333
11 0.311279296875 0.3684895833333333 0.03759765625 0.026041666666666668
11 0.501708984375 0.3375651041666667 0.03955078125 0.08268229166666667
9 0.3603515625 0.3499348958333333 0.044921875 0.11263020833333333
12 0.43310546875 0.330078125 0.140625 0.11979166666666667
17 0.39892578125 0.36328125 0.484375 0.2552083333333333
7 0.319580078125 0.30078125 0.04345703125 0.10286458333333333
11 0.311279296875 0.3684895833333333 0.03759765625 0.026041666666666668
11 0.501708984375 0.3375651041666667 0.03955078125 0.08268229166666667
9 0.3603515625 0.3499348958333333 0.044921875 0.11263020833333333
12 0.43310546875 0.330078125 0.140625 0.11979166666666667
17 0.39892578125 0.36328125 0.484375 0.2552083333333333
7 0.319580078125 0.30078125 0.04345703125 0.10286458333333333
11 0.311279296875 0.3684895833333333 0.03759765625 0.026041666666666668
11 0.501708984375 0.3375651041666667 0.03955078125 0.08268229166666667
9 0.3603515625 0.3499348958333333 0.044921875 0.11263020833333333
12 0.43310546875 0.330078125 0.140625 0.11979166666666667
17 0.39892578125 0.36328125 0.484375 0.2552083333333333
7 0.319580078125 0.30078125 0.04345703125 0.10286458333333333
11 0.311279296875 0.3684895833333333 0.03759765625 0.026041666666666668
11 0.501708984375 0.3375651041666667 0.03955078125 0.08268229166666667
9 0.3603515625 0.3499348958333333 0.044921875 0.11263020833333333
12 0.43310546875 0.330078125 0.140625 0.11979166666666667
17 0.39892578125 0.36328125 0.484375 0.2552083333333333
